time_ns,source_probability,target_probability,leakage_probability
0.0,1.0,0.0,0.0
0.25,0.9999998620515637,1.3794843620392173e-07,1.3670741191769984e-16
0.5,0.999999443081633,5.569183673167669e-07,0.0
0.7500000000000001,0.9999987346398506,1.2653601490274815e-06,4.1086222491164455e-16
1.0,0.9999977283146967,2.271685303545772e-06,0.0
1.25,0.9999964154273331,3.5845726671949324e-06,0.0
1.5000000000000002,0.9999947871534922,5.212846507697898e-06,8.707583401068933e-17
1.7500000000000002,0.9999928344932978,7.1655067020490765e-06,1.6231184148465805e-16
2.0,0.9999905482692728,9.451730727117885e-06,7.674457315302863e-17
2.2500000000000004,0.9999879191251432,1.2080874856912276e-05,0.0
2.5,0.9999849375240262,1.5062475973753693e-05,7.23467780908843e-17
2.7500000000000004,0.9999815937460051,1.8406253995037072e-05,0.0
3.0000000000000004,0.9999778778809685,2.2122119031135483e-05,3.8468848332501304e-16
3.25,0.9999737798362445,2.6220163755430358e-05,1.000210385435768e-16
3.5000000000000004,0.9999692893172211,3.071068277912384e-05,0.0
3.7500000000000004,0.9999643958501342,3.5604149865821725e-05,0.0
4.0,0.9999590887420273,4.091125797287623e-05,0.0
4.25,0.9999533571304102,4.6642869589905175e-05,0.0
4.500000000000001,0.9999471899098838,5.2810090116144416e-05,6.593304461427474e-18
4.75,0.999940575821364,5.9424178635965096e-05,5.990894629340215e-17
5.0,0.9999335033330653,6.649666693477484e-05,0.0
5.250000000000001,0.9999259607811241,7.403921887577807e-05,1.6504267570660591e-16
5.500000000000001,0.9999179361938545,8.206380614576026e-05,0.0
5.75,0.9999094174930806,9.058250691940865e-05,0.0
6.000000000000001,0.9999003922534153,9.960774658483213e-05,0.0
6.250000000000001,0.9998908479703588,0.00010915202964114838,8.677683138030856e-17
6.5,0.9998807717580154,0.00011922824198474178,0.0
6.75,0.9998701506680145,0.0001298493319855723,0.0
7.000000000000001,0.9998589713476126,0.00014102865238749775,0.0
7.25,0.9998472203865906,0.00015277961340955362,0.0
7.500000000000001,0.9998348839603353,0.00016511603966514352,0.0
7.75,0.9998219481771203,0.00017805182287983115,0.0
8.0,0.99980839873675,0.00019160126324994185,7.673440875766158e-17
8.250000000000002,0.9997942212448462,0.0002057787551537281,9.007009547923328e-17
8.5,0.9997794009232908,0.00022059907670905074,1.8732303035118303e-16
8.75,0.999763922849947,0.0002360771500530195,7.26415455565288e-18
9.000000000000002,0.9997477717691791,0.0002522282308209787,0.0
9.25,0.9997309322106543,0.0002690677893455977,5.843849709696869e-17
9.5,0.9997133884367269,0.0002866115632732845,0.0
9.750000000000002,0.9996951244062315,0.0003048755937682167,2.443791696782327e-16
10.0,0.9996761238972881,0.0003238761027120299,0.0
10.25,0.9996563702751862,0.0003436297248142293,0.0
10.500000000000002,0.9996358468309263,0.0003641531690739933,0.0
10.75,0.9996145363143093,0.0003854636856906676,3.361026734705064e-17
11.000000000000002,0.9995924215250707,0.0004075784749294656,0.0
11.250000000000002,0.9995694845773659,0.0004305154226340222,3.686287386450715e-17
11.5,0.9995457077697898,0.00045429223021025594,0.0
11.750000000000002,0.9995210725654208,0.0004789274345792499,0.0
12.000000000000002,0.9994955607575666,0.0005044392424334613,0.0
12.25,0.9994691531403463,0.0005308468596538202,0.0
12.500000000000002,0.9994418309863614,0.0005581690136384526,1.3487475025719675e-16
12.75,0.9994135744168974,0.0005864255831025138,1.0950441942103595e-16
13.0,0.9993843641464947,0.0006156358535052251,1.0018028073766061e-16
13.250000000000002,0.9993541796407038,0.0006458203592960555,1.119980844177526e-16
13.5,0.999323001011114,0.0006769989888857063,2.509928029303943e-16
13.75,0.9992908070871223,0.0007091929128776892,5.377642775528102e-17
14.000000000000002,0.9992575773309403,0.0007424226690595,1.6132928326584306e-16
14.25,0.9992232899511937,0.0007767100488060911,2.1499729080387553e-16
14.5,0.999187923717524,0.0008120762824759928,4.466912950640278e-17
14.750000000000002,0.999151456243635,0.0008485437563650512,0.0
15.000000000000002,0.9991138655536979,0.0008861344463023084,0.0
15.250000000000002,0.9990751286876696,0.0009248713123302528,1.8030282128433939e-16
15.5,0.9990352228776094,0.0009647771223905496,7.578573185673676e-17
15.750000000000002,0.99899412460844,0.0010058753915599624,8.912141857830846e-17
16.0,0.9989518102758536,0.0010481897241465697,0.0
16.25,0.9989082558257304,0.0010917441742694972,1.0711917464156784e-16
16.500000000000004,0.9988634367762426,0.0011365632237576842,0.0
16.75,0.9988173285475167,0.0011826714524830893,2.0773313624822265e-16
17.0,0.9987699057362837,0.0012300942637163573,0.0
17.250000000000004,0.9987211432508899,0.0012788567491101377,0.0
17.5,0.9986710147407458,0.0013289852592540123,1.6609977282477928e-16
17.75,0.9986194945984309,0.0013805054015688792,2.0838365755171395e-16
18.000000000000004,0.9985665555008955,0.0014334444991045106,3.0791341698588326e-17
18.25,0.9985121713215103,0.001487828678490087,0.0
18.5,0.9984563137450849,0.001543686254914833,2.445960101127298e-16
18.750000000000004,0.9983989561161515,0.0016010438838485364,0.0
19.0,0.9983400691208107,0.0016599308791890649,1.8821749714348357e-16
19.25,0.9982796255473534,0.0017203744526466027,8.673617379884035e-18
19.500000000000004,0.998217595106084,0.0017824048939157984,2.1358782797964437e-16
19.75,0.9981539499260313,0.001846050073968403,2.495833401061631e-16
20.0,0.9980886588347613,0.001911341165238837,0.0
20.250000000000004,0.9980216931962075,0.0019783068037929298,0.0
20.5,0.9979530210362649,0.002046978963735129,0.0
20.75,0.9978826128413648,0.0021173871586352673,0.0
21.000000000000004,0.9978104359212419,0.002189564078758152,0.0
21.25,0.9977364597761958,0.0022635402238039347,2.1553939189011828e-16
21.5,0.9976606510799659,0.00233934892003413,0.0
21.750000000000004,0.9975829782449951,0.0024170217550051384,0.0
22.000000000000004,0.9975034073815479,0.002496592618452061,8.153200337090993e-17
22.25,0.9974219057226351,0.0025780942773652965,0.0
22.500000000000004,0.9973384388682683,0.002661561131731889,0.0
22.750000000000004,0.9972529727985254,0.0027470272014742253,3.469446951953614e-16
23.0,0.9971654726648036,0.0028345273351964837,0.0
23.250000000000004,0.9970759031139914,0.0029240968860087106,0.0
23.500000000000004,0.996984228890933,0.003015771109066986,4.7704895589362195e-17
23.75,0.9968904132519952,0.0031095867480046063,1.6046192152785466e-16
24.000000000000004,0.9967944205629398,0.003205579437060095,1.4007892068512717e-16
24.250000000000004,0.9966962126469031,0.003303787353096758,1.2967057982926633e-16
24.5,0.9965957535038972,0.003404246496103107,0.0
24.75,0.9964930034960797,0.0035069965039200403,2.38524477946811e-16
25.000000000000004,0.9963879262578939,0.003612073742106328,0.0
25.25,0.996280480666763,0.0037195193332367157,2.8232624571522535e-16
25.5,0.9961706299854679,0.00382937001453206,3.642919299551295e-17
25.750000000000004,0.9960583316299476,0.003941668370052127,2.6020852139652106e-16
26.0,0.9959435484370058,0.004056451562994144,2.3418766925686896e-17
26.25,0.995826236437475,0.004173763562524777,1.9081958235744878e-16
26.500000000000004,0.9957063578390903,0.004293642160909463,1.97758476261356e-16
26.75,0.9955838675084087,0.00441613249159115,1.8995222061946038e-16
27.0,0.9954587267770595,0.004541273222940452,5.984795992119984e-17
27.250000000000004,0.9953308895817897,0.004669110418210171,1.0495077029659683e-16
27.5,0.9952003161334977,0.004799683866502432,0.0
27.75,0.9950669596581213,0.004933040341878537,1.5439038936193583e-16
28.000000000000004,0.9949307790076993,0.005069220992300949,0.0
28.25,0.9947917269060145,0.005208273093985231,2.957703526540456e-16
28.5,0.9946497606564477,0.005350239343552649,0.0
28.750000000000004,0.9945048326411349,0.005495167358865011,1.1622647289044608e-16
29.0,0.9943568984406297,0.005643101559370625,0.0
29.25,0.9942059102431439,0.005794089756855997,1.3877787807814457e-16
29.500000000000004,0.9940518217584107,0.005948178241589252,7.806255641895632e-17
29.75,0.9938945851010185,0.006105414898981453,7.892991815694472e-17
30.000000000000004,0.9937341519917966,0.006265848008203135,2.654126918244515e-16
30.250000000000004,0.9935704745623353,0.0064295254376647475,0.0
30.500000000000004,0.9934035024598717,0.006596497540128133,1.214306433183765e-16
30.75,0.9932331878783316,0.006766812121668465,0.0
31.0,0.9930594783500954,0.0069405216499046265,0.0
31.250000000000004,0.9928823261739991,0.007117673826000893,3.209238430557093e-17
31.500000000000004,0.992701676731184,0.007298323268816256,0.0
31.750000000000004,0.9925174824256722,0.007482517574327543,2.8622937353617317e-16
32.0,0.9923296864979576,0.007670313502042371,2.0816681711721685e-17
32.25,0.9921382414248562,0.007861758575143828,0.0
32.5,0.9919430883571256,0.008056911642874502,0.0
32.75,0.9917441797797337,0.008255820220266006,2.688821387764051e-16
33.00000000000001,0.9915414549205397,0.008458545079460244,6.765421556309548e-17
33.25,0.9913348658968197,0.008665134103180202,5.898059818321144e-17
33.5,0.99112435044403,0.008875649555969607,3.712308238590367e-16
33.75,0.9909098598415396,0.009090140158460047,3.885780586188048e-16
34.0,0.9906913308503893,0.009308669149610711,0.0
34.25,0.9904687134158454,0.00953128658415472,0.0
34.50000000000001,0.9902419437824364,0.009758056217563527,1.214306433183765e-16
34.75,0.9900109701314838,0.009989029868516297,0.0
35.0,0.9897757285958987,0.01022427140410124,7.45931094670027e-17
35.25,0.9895361652183047,0.01046383478169537,0.0
35.5,0.9892922163704474,0.010707783629552624,0.0
35.75,0.9890438256391976,0.010956174360802555,0.0
36.00000000000001,0.9887909299305871,0.011209070069412828,2.42861286636753e-17
36.25000000000001,0.988533470102355,0.011466529897644743,2.185751579730777e-16
36.5,0.9882713838435832,0.011728616156417003,0.0
36.75,0.9880046091046822,0.011995390895317676,8.326672684688674e-17
37.0,0.9877330845136032,0.012266915486396898,0.0
37.25,0.9874567449856213,0.012543255014378467,2.2898349882893854e-16
37.50000000000001,0.9871755301990123,0.012824469800987897,0.0
37.75000000000001,0.9868893719672021,0.013110628032798282,0.0
38.0,0.986598211070028,0.013401788929972052,0.0
38.25,0.9863019762148877,0.0136980237851121,2.1163626406917047e-16
38.5,0.9860006092748949,0.013999390725105134,8.673617379884035e-18
38.75,0.9856940359102967,0.014305964089703364,0.0
39.00000000000001,0.9853821990050395,0.014617800994960508,0.0
39.25000000000001,0.9850650213059609,0.014934978694038956,1.9081958235744878e-16
39.5,0.9847424466207688,0.015257553379231261,0.0
39.75,0.9844143950780984,0.015585604921901456,1.8561541192951836e-16
40.0,0.9840808107896543,0.0159191892103456,1.4224732503009818e-16
40.25,0.983741612043409,0.016258387956590944,1.3877787807814457e-17
40.50000000000001,0.9833967423789745,0.016603257621025373,1.734723475976807e-16
40.75000000000001,0.9830461192068309,0.016953880793169,6.245004513516506e-17
41.0,0.9826896846176004,0.017310315382399553,2.42861286636753e-17
41.25,0.9823273559984714,0.017672644001528647,0.0
41.5,0.9819590732234066,0.018040926776593105,3.0878077872387166e-16
41.75,0.9815847543866801,0.018415245613319836,2.7755575615628914e-17
42.00000000000001,0.981204336502527,0.01879566349747315,0.0
42.25000000000001,0.9808177390262783,0.01918226097372165,1.3877787807814457e-17
42.5,0.9804248955508188,0.0195751044491812,3.469446951953614e-18
42.75,0.9800257274199955,0.019974272580004594,0.0
43.0,0.9796201643780516,0.020379835621948554,0.0
43.25,0.9792081300684136,0.02079186993158676,0.0
43.50000000000001,0.9787895500770321,0.021210449922968028,0.0
43.75000000000001,0.9783643506443509,0.021635649355649048,5.204170427930421e-17
44.00000000000001,0.9779324530042721,0.022067546995728177,0.0
44.25,0.9774937861821402,0.02250621381785975,2.7755575615628914e-17
44.5,0.977048266963246,0.02295173303675412,0.0
44.75,0.9765958272495712,0.02340417275042889,0.0
45.00000000000001,0.9761363794238663,0.02386362057613335,3.191891195797325e-16
45.25000000000001,0.97566985822045,0.024330141779550035,0.0
45.50000000000001,0.9751961717567396,0.024803828243260086,3.5388358909926865e-16
45.75,0.9747152574746665,0.025284742525333477,4.85722573273506e-17
46.0,0.9742270194586262,0.02577298054137369,9.020562075079397e-17
46.25,0.9737313976717034,0.026268602328296663,0.0
46.50000000000001,0.9732282926947529,0.026771707305247076,6.245004513516506e-17
46.75000000000001,0.9727176461030076,0.02728235389699229,1.1449174941446927e-16
47.00000000000001,0.9721993561772444,0.0278006438227552,3.9898639947466563e-16
47.25,0.9716733646055812,0.028326635394418567,2.5326962749261384e-16
47.5,0.9711395690804531,0.028860430919546966,0.0
47.75,0.9705979099111584,0.02940209008884146,1.8735013540549517e-16
48.00000000000001,0.9700482856638283,0.029951714336171914,0.0
48.25000000000001,0.9694906339665128,0.03050936603348678,4.163336342344337e-16
48.50000000000001,0.9689248555366714,0.031075144463328562,3.469446951953614e-17
48.75,0.9683508842222197,0.03164911577778024,4.85722573273506e-17
49.0,0.9677686239669209,0.03223137603307918,0.0
49.25,0.9671780039469908,0.03282199605300934,0.0
49.5,0.9665789322038882,0.0334210677961116,1.5959455978986625e-16
49.75000000000001,0.9659713325588288,0.034028667441170966,2.0122792321330962e-16
50.00000000000001,0.9653551178085402,0.03464488219146014,0.0
50.25,0.9647302059487124,0.035269794051287634,0.0
50.5,0.9640965150169909,0.03590348498300922,0.0
50.75,0.9634539568864499,0.03654604311355027,0.0
51.0,0.9628024551199612,0.03719754488003856,2.2898349882893854e-16
51.25000000000001,0.962141915375111,0.03785808462488893,1.1102230246251565e-16
51.50000000000001,0.9614722668405171,0.038527733159482824,5.551115123125783e-17
51.75,0.9607934090464783,0.03920659095352176,0.0
52.0,0.960105276737007,0.03989472326299297,6.938893903907228e-17
52.25,0.9594077635717635,0.04059223642823671,0.0
52.5,0.9587008096233751,0.04129919037662485,3.469446951953614e-17
52.75000000000001,0.9579843030831894,0.04201569691681068,0.0
53.00000000000001,0.9572581890126008,0.04274181098739885,3.0531133177191805e-16
53.25000000000001,0.9565223509711244,0.04347764902887557,6.245004513516506e-17
53.5,0.9557767377951266,0.04422326220487353,0.0
53.75,0.9550212301124305,0.044978769887569506,4.163336342344337e-17
54.0,0.9542557781683956,0.0457442218316045,0.0
54.25000000000001,0.9534802624402079,0.046519737559791816,2.914335439641036e-16
54.50000000000001,0.9526946321411384,0.047305367858861455,1.8041124150158794e-16
54.75000000000001,0.9518987699924235,0.048101230007576566,0.0
55.0,0.9510926220764656,0.04890737792353475,0.0
55.25,0.9502760754055851,0.04972392459441476,1.1796119636642288e-16
55.5,0.9494490711809935,0.05055092881900618,2.914335439641036e-16
55.75000000000001,0.9486115024084915,0.05138849759150823,3.122502256758253e-16
56.00000000000001,0.9477633040161719,0.052236695983828116,0.0
56.25000000000001,0.946904376354751,0.05309562364524886,1.3877787807814457e-16
56.5,0.9460346470245856,0.053965352975414244,1.3877787807814457e-16
56.75,0.9451540247451767,0.05484597525482316,1.0408340855860843e-16
57.0,0.9442624290654736,0.05573757093452642,0.0
57.25000000000001,0.9433597777763478,0.05664022222365205,1.1796119636642288e-16
57.50000000000001,0.9424459819697342,0.0575540180302658,2.7755575615628914e-17
57.75000000000001,0.9415209689044549,0.05847903109554487,2.1510571102112408e-16
58.0,0.9405846411104862,0.05941535888951386,0.0
58.25,0.9396369354263934,0.06036306457360667,0.0
58.5,0.9386777459936851,0.061322254006314886,0.0
58.75000000000001,0.9377070190745163,0.06229298092548344,3.0531133177191805e-16
59.00000000000001,0.9367246408553591,0.06327535914464115,0.0
59.25000000000001,0.9357305666247959,0.06426943337520422,0.0
59.5,0.9347246752786167,0.06527532472138299,3.191891195797325e-16
59.75,0.9337069305343443,0.06629306946565551,2.0816681711721685e-16
60.00000000000001,0.932677205193209,0.0673227948067913,0.0
60.25,0.9316354698945041,0.06836453010549642,0.0
60.50000000000001,0.9305815936305042,0.06941840636949602,0.0
60.75,0.9295155504125764,0.07048444958742348,1.3877787807814457e-16
61.00000000000001,0.9284372096492742,0.0715627903507256,1.6653345369377348e-16
61.25000000000001,0.9273465449863831,0.07265345501361647,3.885780586188048e-16
61.5,0.9262434299032105,0.07375657009678953,0.0
61.75000000000001,0.9251278344756535,0.07487216552434625,2.498001805406602e-16
62.0,0.9239996393461088,0.07600036065389054,6.106226635438361e-16
62.25000000000001,0.9228588083755002,0.07714119162449967,1.6653345369377348e-16
62.50000000000001,0.9217052319045304,0.07829476809546955,9.71445146547012e-17
62.75,0.920538865487602,0.07946113451239782,1.8041124150158794e-16
63.00000000000001,0.9193596111571183,0.0806403888428819,0.0
63.25,0.9181674146044642,0.08183258539553585,0.0
63.50000000000001,0.9169621910237906,0.08303780897620955,0.0
63.75,0.9157438752177665,0.08425612478223345,9.71445146547012e-17
64.0,0.9145123965020688,0.08548760349793148,0.0
64.25000000000001,0.913267678213711,0.08673232178628895,2.7755575615628914e-17
64.5,0.9120096643193688,0.08799033568063151,0.0
64.75000000000001,0.9107382665755596,0.08926173342444044,0.0
65.0,0.9094534436836447,0.09054655631635547,0.0
65.25,0.9081550961200773,0.09184490387992257,1.5265566588595902e-16
65.5,0.9068431970134144,0.09315680298658544,1.3877787807814457e-16
65.75,0.9055176362324479,0.09448236376755234,0.0
66.00000000000001,0.904178400678045,0.09582159932195523,0.0
66.25,0.9028253706068846,0.09717462939311526,1.249000902703301e-16
66.5,0.901458545768008,0.09854145423199198,2.7755575615628914e-17
66.75,0.9000777983931895,0.09992220160681067,0.0
67.0,0.8986831392483466,0.10131686075165347,0.0
67.25000000000001,0.8972744355269229,0.10272556447307717,0.0
67.5,0.8958517039949844,0.10414829600501549,1.3877787807814457e-16
67.75000000000001,0.8944148127407953,0.10558518725920477,0.0
68.0,0.8929637791590359,0.1070362208409643,0.0
68.25,0.8914984775330121,0.10850152246698816,0.0
68.5,0.8900189212092324,0.10998107879076763,0.0
68.75,0.8885249950944025,0.11147500490559752,0.0
69.00000000000001,0.8870167046660837,0.11298329533391632,0.0
69.25,0.8854939490773759,0.11450605092262402,9.71445146547012e-17
69.5,0.883956722915337,0.11604327708466262,3.7470027081099033e-16
69.75,0.8824049423126168,0.11759505768738328,0.0
70.0,0.8808385888136863,0.11916141118631346,2.7755575615628914e-16
70.25000000000001,0.8792575975227668,0.12074240247723342,0.0
70.5,0.8776619354984678,0.12233806450153238,0.0
70.75000000000001,0.8760515580918642,0.12394844190813566,1.5265566588595902e-16
71.0,0.8744264171272,0.12557358287279957,3.885780586188048e-16
71.25,0.8727864888095765,0.12721351119042346,0.0
71.5,0.8711317096202618,0.12886829037973807,1.6653345369377348e-16
71.75,0.8694620766091236,0.1305379233908767,0.0
72.00000000000001,0.867777511438536,0.13222248856146382,1.942890293094024e-16
72.25,0.8660780314063461,0.13392196859365366,2.498001805406602e-16
72.50000000000001,0.864363544286628,0.135636455713372,2.7755575615628914e-17
72.75,0.8626340866555352,0.13736591334446466,1.3877787807814457e-16
73.0,0.8608895538071635,0.1391104461928365,2.7755575615628914e-17
73.25000000000001,0.8591300001715011,0.1408699998284993,0.0
73.5,0.8573553106091822,0.14264468939081762,1.3877787807814457e-16
73.75000000000001,0.855565555294037,0.14443444470596303,0.0
74.0,0.853760612370922,0.1462393876290779,5.551115123125783e-17
74.25,0.8519405611048384,0.14805943889516118,4.163336342344337e-16
74.5,0.850105280670722,0.14989471932927786,1.3877787807814457e-16
74.75,0.8482548521931845,0.15174514780681556,0.0
75.00000000000001,0.8463891630936715,0.15361083690632812,3.608224830031759e-16
75.25,0.8445082898249265,0.15549171017507357,0.0
75.50000000000001,0.8426121341295051,0.15738786587049475,1.6653345369377348e-16
75.75,0.8407007625491844,0.15929923745081562,2.7755575615628914e-17
76.0,0.8387740959370033,0.161225904062997,0.0
76.25000000000001,0.8368321868797334,0.16316781312026676,0.0
76.5,0.8348749789745553,0.16512502102544474,0.0
76.75000000000001,0.8329025079232628,0.16709749207673716,2.7755575615628914e-17
77.0,0.8309147426239452,0.1690852573760547,1.3877787807814457e-16
77.25,0.82891169998703,0.17108830001297018,0.0
77.5,0.8268933758573377,0.17310662414266223,8.326672684688674e-17
77.75,0.8248597673319238,0.175140232668076,2.220446049250313e-16
78.00000000000001,0.822810897777083,0.17718910222291687,8.326672684688674e-17
78.25,0.8207467444747122,0.1792532555252876,2.220446049250313e-16
78.50000000000001,0.8186673581329499,0.18133264186705014,0.0
78.75,0.8165726968986009,0.18342730310139888,2.220446049250313e-16
79.0,0.8144628379360827,0.1855371620639172,1.3877787807814457e-16
79.25000000000001,0.81233772159667,0.18766227840332997,8.326672684688674e-17
79.5,0.8101974500013244,0.18980254999867552,1.1102230246251565e-16
79.75000000000001,0.8080419476040442,0.1919580523959561,0.0
80.0,0.8058713394603174,0.1941286605396827,0.0
80.25000000000001,0.8036855367326574,0.19631446326734264,0.0
80.5,0.8014846848578394,0.19851531514216064,0.0
80.75,0.799268686084286,0.20073131391571367,3.0531133177191805e-16
81.00000000000001,0.7970376981581706,0.20296230184182898,4.163336342344337e-16
81.25,0.794791623804646,0.2052083761953536,4.440892098500626e-16
81.50000000000001,0.7925306236640349,0.20746937633596488,1.942890293094024e-16
81.75,0.790254610445483,0.20974538955451666,3.885780586188048e-16
82.0,0.7879637391870387,0.21203626081296129,5.551115123125783e-17
82.25,0.7856579403090976,0.2143420596909027,0.0
82.5,0.7833373564508079,0.2166626435491922,0.0
82.75000000000001,0.7810019417942549,0.21899805820574542,0.0
83.0,0.7786518215058422,0.221348178494158,0.0
83.25000000000001,0.77628697793532,0.2237130220646797,3.3306690738754696e-16
83.5,0.7739075149635918,0.2260924850364082,2.7755575615628914e-17
83.75,0.7715134463071027,0.2284865536928973,0.0
84.00000000000001,0.7691048521969716,0.23089514780302833,1.1102230246251565e-16
84.25,0.7666817794967862,0.23331822050321352,3.0531133177191805e-16
84.50000000000001,0.7642442836711753,0.2357557163288248,0.0
84.75,0.7617924453367574,0.23820755466324278,0.0
85.0,0.7593262951705889,0.24067370482941092,1.6653345369377348e-16
85.25,0.7568459471178915,0.2431540528821086,0.0
85.5,0.7543514079829514,0.2456485920170485,8.326672684688674e-17
85.75000000000001,0.7518428238609118,0.24815717613908814,2.7755575615628914e-17
86.0,0.7493201793045111,0.25067982069548905,0.0
86.25000000000001,0.7467836503762791,0.25321634962372097,0.0
86.5,0.744233201920154,0.25576679807984626,0.0
86.75,0.741669037283384,0.2583309627166163,0.0
87.00000000000001,0.7390911045808234,0.2609088954191768,0.0
87.25,0.7364996315218251,0.26350036847817476,1.6653345369377348e-16
87.50000000000001,0.7338945546121795,0.2661054453878209,0.0
87.75,0.7312761167304744,0.2687238832695253,2.7755575615628914e-16
88.00000000000001,0.7286442532968695,0.27135574670313045,0.0
88.25,0.7259992108362004,0.2740007891637997,0.0
88.5,0.7233409356374069,0.276659064362593,1.1102230246251565e-16
88.75000000000001,0.72066966718157,0.27933033281843006,0.0
89.0,0.717985371906078,0.2820146280939218,1.6653345369377348e-16
89.25000000000001,0.7152882740407945,0.2847117259592056,0.0
89.5,0.7125783674281734,0.28742163257182696,0.0
89.75,0.7098558547420845,0.2901441452579158,0.0
90.00000000000001,0.7071207625322248,0.2928792374677751,1.1102230246251565e-16
90.25,0.7043732674849184,0.29562673251508137,2.7755575615628914e-16
90.50000000000001,0.7016134323650015,0.29838656763499816,3.3306690738754696e-16
90.75,0.6988414051376729,0.3011585948623273,0.0
91.00000000000001,0.6960572866556213,0.3039427133443786,1.1102230246251565e-16
91.25,0.693261195107983,0.3067388048920171,0.0
91.5,0.6904532697539533,0.3095467302460469,0.0
91.75000000000001,0.6876335989530443,0.3123664010469557,0.0
92.0,0.6848023597741532,0.315197640225847,0.0
92.25000000000001,0.6819596119469651,0.3180403880530348,1.1102230246251565e-16
92.5,0.6791055685477725,0.3208944314522272,3.3306690738754696e-16
92.75,0.6762402628358923,0.32375973716410794,0.0
93.00000000000001,0.6733639412378943,0.32663605876210583,0.0
93.25,0.6704766134488741,0.3295233865511259,0.0
93.50000000000001,0.6675785559305328,0.332421444069467,1.6653345369377348e-16
93.75,0.6646697582542654,0.3353302417457344,1.6653345369377348e-16
94.00000000000001,0.661750523550864,0.3382494764491364,0.0
94.25,0.6588208267223097,0.3411791732776901,2.220446049250313e-16
94.5,0.6558809880543471,0.34411901194565303,0.0
94.75000000000001,0.6529309787169708,0.34706902128302886,3.3306690738754696e-16
95.0,0.6499711228501336,0.35002887714986625,1.6653345369377348e-16
95.25000000000001,0.6470014017934954,0.3529985982065048,0.0
95.5,0.6440221311714714,0.35597786882852833,2.220446049250313e-16
95.75,0.6410333133395018,0.3589666866604986,0.0
96.00000000000001,0.6380352457175371,0.36196475428246283,5.551115123125783e-17
96.25,0.6350279599362193,0.3649720400637811,0.0
96.50000000000001,0.6320117279715562,0.36798827202844375,0.0
96.75,0.6289866168143149,0.37101338318568516,0.0
97.00000000000001,0.6259528678463633,0.37404713215363644,2.7755575615628914e-16
97.25,0.62291058700959,0.3770894129904102,0.0
97.5,0.6198599823032944,0.3801400176967054,1.6653345369377348e-16
97.75000000000001,0.616801200481034,0.38319879951896596,0.0
98.0,0.6137344149260124,0.38626558507398734,2.220446049250313e-16
98.25000000000001,0.610659813458311,0.389340186541689,0.0
98.5,0.6075775351084752,0.39242246489152455,2.220446049250313e-16
98.75000000000001,0.604487807630872,0.39551219236912843,0.0
99.0,0.6013907372292019,0.39860926277079795,1.6653345369377348e-16
99.25,0.5982865892858816,0.4017134107141184,0.0
99.50000000000001,0.5951754399283121,0.404824560071688,0.0
99.75,0.5920575887941656,0.4079424112058345,0.0
100.00000000000001,0.5889330850781126,0.41106691492188757,0.0
100.25,0.5858022590128542,0.41419774098714557,2.220446049250313e-16
100.5,0.5826651367203409,0.4173348632796589,1.6653345369377348e-16
100.75000000000001,0.5795220748418652,0.4204779251581345,2.7755575615628914e-16
101.0,0.5763730822803718,0.423626917719628,2.220446049250313e-16
101.25000000000001,0.5732185333880835,0.4267814666119163,2.220446049250313e-16
101.5,0.5700584300356054,0.42994156996439453,5.551115123125783e-17
101.75000000000001,0.5668931498985095,0.43310685010149036,1.6653345369377348e-16
102.0,0.5637227031302895,0.43627729686971056,0.0
102.25,0.5605474573507151,0.4394525426492853,0.0
102.50000000000001,0.5573674426131625,0.44263255738683743,5.551115123125783e-17
102.75,0.5541830057236126,0.4458169942763873,1.1102230246251565e-16
103.00000000000001,0.5509942057018683,0.44900579429813187,0.0
103.25,0.5478013607621028,0.45219863923789716,0.0
103.5,0.5446045650669777,0.45539543493302226,0.0
103.75000000000001,0.5414041030074472,0.45859589699255315,0.0
104.0,0.5382001076974294,0.4617998923025705,5.551115123125783e-17
104.25000000000001,0.5349928266765349,0.46500717332346525,0.0
104.5,0.5317824337674857,0.46821756623251437,0.0
104.75000000000001,0.5285691385013391,0.4714308614986607,1.6653345369377348e-16
105.0,0.525353155630138,0.4746468443698617,3.3306690738754696e-16
105.25,0.5221346569567155,0.4778653430432845,5.551115123125783e-17
105.50000000000001,0.5189138964981631,0.4810861035018372,0.0
105.75,0.5156910103465362,0.48430898965346364,1.6653345369377348e-16
106.00000000000001,0.5124662891068444,0.48753371089315545,1.1102230246251565e-16
106.25,0.5092398359986171,0.4907601640013829,0.0
106.50000000000001,0.5060119746599622,0.4939880253400377,1.1102230246251565e-16
106.75000000000001,0.5027827790444909,0.4972172209555095,0.0
107.0,0.4995526016199738,0.5004473983800259,2.220446049250313e-16
107.25000000000001,0.4963214912080399,0.50367850879196,1.1102230246251565e-16
107.5,0.4930898245183194,0.5069101754816804,2.220446049250313e-16
107.75000000000001,0.4898576311925365,0.5101423688074632,3.3306690738754696e-16
108.0,0.48662530439410084,0.5133746956058991,0.0
108.25,0.48339286358200084,0.516607136417999,1.1102230246251565e-16
108.50000000000001,0.480160704046832,0.5198392959531678,2.220446049250313e-16
108.75,0.4769288506971211,0.523071149302879,0.0
109.00000000000001,0.4736976870308075,0.5263023129691927,0.0
109.25,0.4704672555412905,0.5295327444587093,1.1102230246251565e-16
109.50000000000001,0.4672379171142309,0.5327620828857689,2.220446049250313e-16
109.75000000000001,0.46400974078806934,0.5359902592119309,0.0
110.0,0.4607830570340093,0.5392169429659908,0.0
110.25000000000001,0.4575579675191079,0.5424420324808923,0.0
110.5,0.45433476738321465,0.5456652326167855,0.0
110.75000000000001,0.4511135943613377,0.5488864056386621,2.220446049250313e-16
111.0,0.4478947052114089,0.5521052947885912,0.0
111.25,0.44467827548657257,0.5553217245134272,2.220446049250313e-16
111.50000000000001,0.4414645226281738,0.558535477371826,2.220446049250313e-16
111.75,0.43825365975936403,0.5617463402406359,1.1102230246251565e-16
112.00000000000001,0.43504586571288484,0.5649541342871152,0.0
112.25,0.43184138948033407,0.568158610519666,0.0
112.50000000000001,0.4286403732862971,0.5713596267137033,0.0
112.75,0.4254430991573954,0.5745569008426045,1.1102230246251565e-16
113.0,0.4222496756705446,0.5777503243294554,0.0
113.25000000000001,0.41906041442887015,0.5809395855711299,0.0
113.5,0.4158753938632326,0.5841246061367672,2.220446049250313e-16
113.75000000000001,0.4126949507007575,0.5873050492992429,0.0
114.0,0.4095191375955457,0.5904808624044543,0.0
114.25000000000001,0.40634831180092684,0.5936516881990731,1.1102230246251565e-16
114.50000000000001,0.4031825054472049,0.5968174945527953,0.0
114.75,0.40002209009187084,0.5999779099081294,0.0
115.00000000000001,0.3968670853224457,0.6031329146775541,2.220446049250313e-16
115.25,0.393717863306937,0.6062821366930631,0.0
115.50000000000001,0.3905744458416063,0.6094255541583942,0.0
115.75,0.3874371924188116,0.6125628075811885,0.0
116.0,0.3843061390145403,0.6156938609854594,2.220446049250313e-16
116.25000000000001,0.38118162187154725,0.6188183781284526,1.1102230246251565e-16
116.5,0.3780636995074832,0.6219363004925166,2.220446049250313e-16
116.75000000000001,0.37495267777358726,0.6250473222264127,1.1102230246251565e-16
117.0,0.3718486434186873,0.6281513565813125,2.220446049250313e-16
117.25000000000001,0.3687518671893664,0.6312481328106337,0.0
117.50000000000001,0.36566246735159647,0.6343375326484035,0.0
117.75,0.36258067707047087,0.6374193229295294,0.0
118.00000000000001,0.35950664737100274,0.6404933526289971,2.220446049250313e-16
118.25,0.3564405732324813,0.6435594267675185,1.1102230246251565e-16
118.50000000000001,0.35338263796835373,0.6466173620316465,0.0
118.75,0.3503329994899168,0.6496670005100834,0.0
119.0,0.3472918714292046,0.6527081285707955,0.0
119.25000000000001,0.3442593765400943,0.6557406234599052,4.440892098500626e-16
119.5,0.34123575617505697,0.6587642438249431,0.0
119.75,0.33822110088094365,0.6617788991190569,0.0
120.00000000000001,0.3352156761944605,0.6647843238055396,0.0
120.25000000000001,0.33221954403509735,0.6677804559649024,2.220446049250313e-16
120.5,0.3292329901207248,0.6707670098792751,1.1102230246251565e-16
120.75000000000001,0.3262560516689244,0.6737439483310756,0.0
121.00000000000001,0.3232890303595956,0.6767109696404042,1.1102230246251565e-16
121.25,0.3203319431958298,0.6796680568041702,0.0
121.5,0.3173851031941785,0.6826148968058217,0.0
121.75000000000001,0.3144485136670183,0.6855514863329822,0.0
122.00000000000001,0.31152248685444756,0.6884775131455527,0.0
122.25,0.3086070253475648,0.6913929746524352,0.0
122.50000000000001,0.30570242885615534,0.6942975711438445,1.1102230246251565e-16
122.75000000000001,0.3028087099773992,0.6971912900226007,0.0
123.0,0.2999261465666412,0.7000738534333586,2.220446049250313e-16
123.25,0.2970547689225767,0.7029452310774235,0.0
123.50000000000001,0.29419482655892426,0.7058051734410757,0.0
123.75,0.29134637252504514,0.7086536274749548,1.1102230246251565e-16
124.0,0.2885096239413803,0.7114903760586196,1.1102230246251565e-16
124.25000000000001,0.2856846595932699,0.71431534040673,2.220446049250313e-16
124.50000000000001,0.28287166207090403,0.717128337929096,0.0
124.75,0.28007073667943866,0.7199292633205614,0.0
125.00000000000001,0.2772820313719708,0.7227179686280292,0.0
125.25000000000001,0.27450567740303594,0.7254943225969639,2.220446049250313e-16
125.5,0.2717417891339772,0.7282582108660227,1.1102230246251565e-16
125.75,0.2689905220578094,0.7310094779421906,0.0
126.00000000000001,0.26625195900534054,0.7337480409946594,1.1102230246251565e-16
126.25000000000001,0.2635262771352709,0.7364737228647289,2.220446049250313e-16
126.5,0.2608135305434237,0.7391864694565763,0.0
126.75000000000001,0.25811391487120644,0.7418860851287934,2.220446049250313e-16
127.00000000000001,0.255427458910514,0.7445725410894861,0.0
127.25,0.25275437313498605,0.747245626865014,0.0
127.5,0.25009466437952915,0.749905335620471,0.0
127.75000000000001,0.24744855449960879,0.7525514455003911,1.1102230246251565e-16
128.0,0.24481603206589692,0.7551839679341036,0.0
128.25,0.24219732672810868,0.7578026732718914,0.0
128.50000000000003,0.23959241413546062,0.7604075858645396,0.0
128.75,0.23700152226434268,0.7629984777356574,0.0
129.0,0.23442462398173664,0.7655753760182632,1.1102230246251565e-16
129.25,0.23186193589460577,0.7681380641053939,3.3306690738754696e-16
129.50000000000003,0.2293134372937672,0.7706865627062327,1.1102230246251565e-16
129.75,0.22677932574421444,0.7732206742557854,1.1102230246251565e-16
130.0,0.22425959333362275,0.7757404066663774,0.0
130.25000000000003,0.22175441311180014,0.7782455868881999,0.0
130.5,0.21926379431172907,0.7807362056882714,0.0
130.75,0.21678788225688123,0.7832121177431184,4.440892098500626e-16
131.0,0.21432670557906372,0.785673294420936,2.220446049250313e-16
131.25,0.2118803804449268,0.7881196195550733,0.0
131.5,0.20944895556502105,0.790551044434979,0.0
131.75,0.20703251793000982,0.7929674820699899,2.220446049250313e-16
132.00000000000003,0.20463113576919884,0.7953688642308012,0.0
132.25,0.20224486795917163,0.7977551320408282,2.220446049250313e-16
132.5,0.19987380087656464,0.8001261991234353,1.1102230246251565e-16
132.75000000000003,0.19751796705939142,0.8024820329406088,0.0
133.0,0.19517746872301958,0.8048225312769803,1.1102230246251565e-16
133.25,0.19285231466516925,0.807147685334831,0.0
133.5,0.19054262030223554,0.8094573796977648,0.0
133.75000000000003,0.18824837348671838,0.8117516265132818,0.0
134.0,0.1859696999912528,0.8140303000087472,0.0
134.25,0.18370656965509177,0.8162934303449082,0.0
134.50000000000003,0.1814591157181215,0.8185408842818788,0.0
134.75,0.17922729294912695,0.8207727070508728,2.220446049250313e-16
135.0,0.17701123942821018,0.8229887605717897,1.1102230246251565e-16
135.25,0.17481089900924612,0.8251891009907537,2.220446049250313e-16
135.50000000000003,0.17262640775739171,0.8273735922426083,0.0
135.75,0.17045770582933367,0.8295422941706664,0.0
136.0,0.16830491990376262,0.8316950800962375,0.0
136.25000000000003,0.16616799389647935,0.8338320061035204,3.3306690738754696e-16
136.5,0.16404703897837494,0.8359529610216252,0.0
136.75,0.1619420079814983,0.8380579920185014,3.3306690738754696e-16
137.0,0.1598529924917805,0.8401470075082197,0.0
137.25000000000003,0.15777995752065238,0.8422200424793476,0.0
137.5,0.15572297273650532,0.8442770272634947,0.0
137.75,0.15368201701027048,0.8463179829897297,0.0
138.00000000000003,0.15165713727023383,0.8483428627297666,0.0
138.25,0.14964832660518199,0.8503516733948179,1.1102230246251565e-16
138.5,0.14765560929003707,0.8523443907099632,0.0
138.75000000000003,0.1456789922233188,0.8543210077766813,0.0
139.0,0.14371847803618434,0.8562815219638157,0.0
139.25,0.141774086209305,0.8582259137906949,1.1102230246251565e-16
139.5,0.13984579935851774,0.8601542006414822,1.1102230246251565e-16
139.75000000000003,0.13793364782613152,0.8620663521738682,3.3306690738754696e-16
140.0,0.1360375962366163,0.8639624037633834,3.3306690738754696e-16
140.25,0.13415768377918613,0.865842316220814,0.0
140.50000000000003,0.1322938593138353,0.8677061406861648,0.0
140.75,0.13044616881669435,0.8695538311833053,3.3306690738754696e-16
141.0,0.12861454760696714,0.8713854523930328,1.1102230246251565e-16
141.25,0.12679904623307423,0.8732009537669256,1.1102230246251565e-16
141.50000000000003,0.12499958879540386,0.8750004112045962,0.0
141.75,0.12321622852360861,0.8767837714763915,0.0
142.0,0.12144888118465942,0.8785511188153406,0.0
142.25000000000003,0.11969759844851742,0.8803024015514823,2.220446049250313e-16
142.5,0.1179622925029453,0.8820377074970549,0.0
142.75,0.11624300806053653,0.8837569919394636,0.0
143.0,0.11453965940400329,0.8854603405959969,0.0
143.25000000000003,0.11285227983041135,0.8871477201695886,0.0
143.5,0.11118078959452217,0.8888192104054776,2.220446049250313e-16
143.75,0.10952520763538633,0.8904747923646137,0.0
144.00000000000003,0.10788546247836066,0.8921145375216394,0.0
144.25,0.10626155721744061,0.8937384427825597,0.0
144.5,0.10465342982006469,0.8953465701799355,0.0
144.75,0.10306106702613661,0.8969389329738636,0.0
145.00000000000003,0.1014844165062079,0.8985155834937919,2.220446049250313e-16
145.25,0.09992344894128698,0.9000765510587132,0.0
145.5,0.09837812127080345,0.9016218787291965,0.0
145.75000000000003,0.09684838900972235,0.9031516109902777,0.0
146.0,0.09533421742524245,0.9046657825747576,0.0
146.25,0.09383554822557862,0.9061644517744216,0.0
146.50000000000003,0.09235235369578859,0.9076476463042115,0.0
146.75,0.0908845632404671,0.9091154367595328,1.1102230246251565e-16
147.0,0.08943215478149723,0.9105678452185028,0.0
147.25,0.08799504708566769,0.9120049529143323,1.1102230246251565e-16
147.50000000000003,0.08657322221414103,0.9134267777858588,2.220446049250313e-16
147.75,0.08516658997479287,0.9148334100252071,0.0
148.0,0.08377513511344435,0.9162248648865556,0.0
148.25000000000003,0.0823987600717635,0.9176012399282363,2.220446049250313e-16
148.5,0.0810374509971236,0.9189625490028763,1.1102230246251565e-16
148.75,0.07969110487628173,0.9203088951237182,1.1102230246251565e-16
149.0,0.07835970731663429,0.9216402926833661,0.0
149.25000000000003,0.07704314316639059,0.9229568568336096,0.0
149.5,0.07574141274584267,0.9242585872541573,0.0
149.75,0.07445440316828594,0.9255455968317141,0.0
150.00000000000003,0.07318207336272166,0.926817926637278,3.3306690738754696e-16
150.25,0.07192434099041797,0.9280756590095823,0.0
150.5,0.07068117010098242,0.9293188298990176,0.0
150.75,0.06945245926422855,0.9305475407357713,2.220446049250313e-16
151.00000000000003,0.06823815221681537,0.9317618477831846,0.0
151.25,0.06703817321484967,0.9329618267851505,0.0
151.5,0.06585246809073209,0.9341475319092677,2.220446049250313e-16
151.75000000000003,0.06468095247230267,0.9353190475276976,0.0
152.0,0.06352354327176062,0.9364764567282392,2.220446049250313e-16
152.25,0.062380190057619286,0.9376198099423807,0.0
152.50000000000003,0.06125079392119716,0.9387492060788026,2.220446049250313e-16
152.75000000000003,0.06013528818592059,0.9398647118140794,0.0
153.0,0.05903360577530892,0.9409663942246912,0.0
153.25,0.057945648212813644,0.9420543517871864,0.0
153.50000000000003,0.056871358235250684,0.9431286417647491,2.220446049250313e-16
153.75,0.055810638599350385,0.9441893614006499,0.0
154.0,0.05476342641663523,0.9452365735833648,0.0
154.25000000000003,0.05372960993250793,0.946270390067492,0.0
154.5,0.052709151456339295,0.9472908485436606,1.1102230246251565e-16
154.75,0.05170192875381738,0.9482980712461824,2.220446049250313e-16
155.0,0.050707893573234304,0.9492921064267659,0.0
155.25000000000003,0.04972694250502241,0.9502730574949778,0.0
155.5,0.04875897792653848,0.9512410220734616,0.0
155.75,0.047803946948719006,0.9521960530512813,0.0
156.00000000000003,0.04686174523243155,0.9531382547675686,0.0
156.25,0.045932278071107294,0.9540677219288929,0.0
156.5,0.04501548672711502,0.9549845132728848,2.220446049250313e-16
156.75,0.04411124162590515,0.9558887583740949,0.0
157.00000000000003,0.04321949385123632,0.9567805061487633,3.3306690738754696e-16
157.25,0.04234014001415864,0.9576598599858415,0.0
157.5,0.041473087883573644,0.9585269121164264,0.0
157.75000000000003,0.04061825684229609,0.9593817431577041,0.0
158.0,0.03977555491171558,0.9602244450882842,2.220446049250313e-16
158.25,0.038944880694927735,0.9610551193050725,0.0
158.50000000000003,0.03812615675848936,0.9618738432415107,0.0
