time_ns,source_probability,intermediate_probability,target_probability,leakage_probability,reduced_target_probability
0.0,1.0,0.0,0.0,0.0,7.703719777548947e-34
0.25,0.9999604841160425,3.951549357859865e-05,3.903782600949121e-10,5.94012097226044e-16,3.8963123675792367e-10
0.5,0.9998420490296017,0.0001579447328764193,6.23746714663796e-09,5.471360117288671e-14,6.233853679767007e-09
0.7500000000000001,0.9996446768391145,0.0003552915922012274,3.15680611860177e-08,6.230766948133473e-13,3.155680781304971e-08
1.0,0.9993684330504113,0.0006314672010475548,9.974504047756268e-08,3.5006253864253134e-12,9.972590934121324e-08
1.25,0.999013362022959,0.0009863945012024032,2.434624869831499e-07,1.3351629751411322e-11,2.4344262367849303e-07
1.5000000000000002,0.9985795359230423,0.0014199593116783534,5.047254204382826e-07,3.985893643945207e-11,5.047295545165869e-07
1.7500000000000002,0.998067041341729,0.0019320237277052799,9.34830078587538e-07,1.0048716600022061e-10,9.349138507532732e-07
2.0,0.9974759768958466,0.0025224285424204364,1.5943378833755996e-06,2.238496379646992e-10,1.594606937283671e-06
2.2500000000000004,0.9968064639739205,0.003190982522655231,2.553049729190831e-06,4.53695102497436e-10,2.553680576377476e-06
2.5,0.9960586289931542,0.003937480189175415,3.889964195959278e-06,8.534743986762398e-10,3.891239267579707e-06
2.7500000000000004,0.9952326215508528,0.004761683691279491,5.693246327950056e-06,1.511539766975988e-09,5.695588995289623e-06
3.0000000000000004,0.9943286050350942,0.005663332239047058,8.060178942243594e-06,2.5469164607985387e-09,8.064202334381355e-06
3.25,0.9933467579021568,0.0066421408665905315,1.1097115574593697e-05,4.1156781119955485e-09,1.1103679925442539e-05
3.5000000000000004,0.9922872736626631,0.007697800491256825,1.4919428172223048e-05,6.417907836098075e-09,1.4929708332405001e-05
3.7500000000000004,0.9911503608662287,0.00882997797818317,1.9651450345425958e-05,9.705242752478075e-09,1.9667014296550885e-05
4.0,0.9899362432266051,0.010038316068609795,2.5426415785141638e-05,1.4288999946129475e-08,2.5449315402062455e-05
4.25,0.988645154290866,0.011322438772324816,3.238638792682002e-05,2.0548882395700894e-08,3.241926716949203e-05
4.500000000000001,0.9872773530309575,0.012681935820674905,4.068220616999346e-05,2.8942197563195087e-08,4.072840659468759e-05
4.75,0.9858331036527913,0.01411638293799642,5.047339545469737e-05,4.001375757289356e-08,5.0537092151926e-05
5.0,0.9843127022210589,0.01562531529490745,6.192807794500613e-05,5.4406088611234135e-08,6.201444028114031e-05
5.250000000000001,0.9827164412065342,0.017208263003041915,7.522291985578512e-05,7.287056806924805e-08,7.533825838033545e-05
5.500000000000001,0.981044633771378,0.0188647269306501,9.054301924161816e-05,9.627873032062395e-08,9.069497432540864e-05
5.75,0.9792976081607622,0.020594184384533677,0.00010808182041726591,1.2563428688941274e-07,0.00010827956254078235
6.000000000000001,0.9774757070648474,0.022396089832264286,0.00012804101725917978,1.6208562910179384e-07,0.00012829546664537445
6.250000000000001,0.9755792873887531,0.024269875216327574,0.0001506304560773993,2.0693884192452233e-07,0.00015095451869958507
6.5,0.9736087204800901,0.026214949817152427,0.00017606803154189787,2.6167121561340755e-07,0.00017647685508010482
6.75,0.9715643815381088,0.02823071094804988,0.00020457956832956766,3.279455117948611e-07,0.00020509082901048545
7.000000000000001,0.9694466688204608,0.03031652478809436,0.00023639876754725353,4.076238975631269e-07,0.00023703291977648385
7.25,0.9672560164915729,0.032471713757306175,0.000271766968303829,5.027828171058862e-07,0.0002725476386563618
7.500000000000001,0.9649928392259781,0.034695611870973565,0.00031093317351977385,6.157295285445959e-07,0.0003118874315973542
7.75,0.96265759743481,0.036987499765413594,0.0003541537836213901,7.490161549633559e-07,0.0003553125786706483
8.0,0.960250736317394,0.039346665638133216,0.000401692586554478,9.054579183125815e-07,0.00040309109033824194
8.250000000000002,0.9577727228002331,0.041772368494001996,0.00045382055699425125,1.0881487706852246e-06,0.00045549860056618644
8.5,0.9552240389935064,0.044263844787064556,0.0005108157407011017,1.3004787279565595e-06,0.0005128182568196955
8.75,0.9526051808052184,0.046820309932524104,0.0005729631108597058,1.5461513978024454e-06,0.0005753406069766652
9.000000000000002,0.9499166572651209,0.04944095909852973,0.0006405544344293563,1.8292019200437945e-06,0.0006433634831972259
9.25,0.9471589909250225,0.052124966934095636,0.0007138881256408159,2.1540152410112322e-06,0.000717191882787899
9.5,0.9443327018126725,0.054871503784324246,0.000793269056792013,2.5253462112590636e-06,0.000797137846099966
9.750000000000002,0.9414383312191905,0.05767971185869992,0.0008790085862142014,2.9483358953640536e-06,0.0008835203315026422
10.0,0.9384764896357083,0.060548657827904306,0.0009714240091792535,3.4285272081514655e-06,0.0009766650874726832
10.25,0.935447699535829,0.06347748957498232,0.0010708389892969431,3.971899891774995e-06,0.00107690452184285
10.500000000000002,0.9323525920392834,0.06646524031501319,0.0011775827761304383,4.584869572925353e-06,0.0011845775682528723
10.75,0.9291917388068555,0.06951099643421227,0.0012919904339308249,5.274325001445668e-06,0.0013000295498472357
11.000000000000002,0.9259657518779479,0.07261379794303766,0.0014144025387022839,6.047640312120293e-06,0.0014236120402651943
11.250000000000002,0.9226752692073027,0.07577265318681124,0.001545164910077986,6.912695808076498e-06,0.0015556827219692644
11.5,0.9193208866620758,0.07898660665999015,0.0016846287723108187,7.877905623247718e-06,0.0016966052419593541
11.750000000000002,0.9159032891238531,0.08225460856547201,0.001833150082625127,8.952228049759854e-06,0.0018467490649206246
12.000000000000002,0.912423065874466,0.08557569900739351,0.001991089914145,1.014520399551539e-05,0.002006489323853873
12.25,0.9088809660764986,0.0889487533209284,0.0021588136565110568,1.146694606194527e-05,0.0021762066682383227
12.500000000000002,0.9052775915527949,0.09237278863099123,0.0023366916083803046,1.2928207833608554e-05,0.0023562871097773195
12.75,0.9016137161366303,0.09584664562333392,0.002525097890147115,1.4540349888637113e-05,0.0025471218657783703
13.0,0.8978899450365588,0.09936932846664645,0.0027244110676228946,1.631542917182073e-05,0.0027491072002197438
13.250000000000002,0.8941070706610389,0.10293964979588549,0.00293501339887412,1.8266144201495218e-05,0.0029626442625565507
13.5,0.890265770667489,0.10655653250178841,0.003157290903924154,2.040592679841387e-05,0.003188138924320174
13.75,0.8863667857891112,0.11021883240503422,0.0033916328816122362,2.2748924242335395e-05,0.003426001613565436
14.000000000000002,0.8824108547284948,0.11392540292445542,0.003638432324487476,2.5310022562313305e-05,0.003676647147220824
14.25,0.8783987108603433,0.11767509922206398,0.003898085014504404,2.8104903088344273e-05,0.003940494561397649
14.5,0.8743311553541314,0.12146670525184639,0.004170989381679153,3.115001234304474e-05,0.0042179669397148754
14.750000000000002,0.8702088965715084,0.1252990935392329,0.004457547247928066,3.446264133067506e-05,0.00450949123969684
15.000000000000002,0.8660327761840533,0.1291710007536833,0.004758162180053477,3.806088220995561e-05,0.004815498117301925
15.250000000000002,0.8618035170640731,0.13308127851466248,0.005073240682006075,4.1963739258349744e-05,0.005136421749640815
15.5,0.8575219801572889,0.13702863784356567,0.005403190953132813,4.619104601265127e-05,0.005472699655943475
15.750000000000002,0.8531889442573662,0.141011869301625,0.005748422875528079,5.076356548068973e-05,0.0058247725168348525
16.0,0.8488051701971148,0.14502977868328237,0.006109348108348514,5.570301125434624e-05,0.006193083991979616
16.25,0.8443715994871032,0.14908098789322682,0.006486380634909731,6.1031984760281585e-05,0.006578080536157019
16.500000000000004,0.8398889333461779,0.15316435812162837,0.006879934357614497,6.677417457926025e-05,0.006980211213827382
16.75,0.8353580650422122,0.15727855603371257,0.0072904247650108864,7.295415906432255e-05,0.007399927512252255
17.0,0.8307798405019926,0.16142229438920436,0.007718267547522571,7.959756128046638e-05,0.007837683153230919
17.250000000000004,0.8261550397123921,0.16559434967960973,0.008163879499674061,8.673110832408196e-05,0.00829393390351616
17.5,0.8214846127734228,0.16979332722802126,0.00862767752502233,9.438247353363467e-05,0.008769137383973015
17.75,0.8167693352830041,0.17401800531259057,0.009110078902573709,0.00010258050183161761,0.009263752877544221
18.000000000000004,0.8120101840734215,0.17826696012250906,0.009611500758260118,0.00011135504580930648,0.009778241136087126
18.25,0.8072079094498631,0.18253899381075672,0.010132359502026898,0.0001207372373532873,0.010313064186146385
18.5,0.8023635038150733,0.18683266511104055,0.010673071903932258,0.00013075916995393053,0.010868685133728184
18.750000000000004,0.7974778205365669,0.19114667242755898,0.011234052838658913,0.00014145419721520343,0.011445567968141026
19.0,0.7925516832948312,0.19547974361379697,0.011815716170047003,0.00015285692132486171,0.012044177364969258
19.25,0.7875861481702988,0.19983037154720118,0.012418477339676654,0.0001650029428233498,0.012664978488245592
19.500000000000004,0.7825819633929957,0.2041973607390572,0.013042746471970356,0.00017792939597676208,0.01330843679188891
19.75,0.7775401203849698,0.2085792714954499,0.013688933754499534,0.00019167436508077222,0.01397501782047424
20.0,0.7724614487029521,0.21297482682788224,0.014357446999708364,0.00020627746945731454,0.014665187009402081
20.250000000000004,0.7673469702610375,0.21738255773622092,0.015048692677505464,0.00022177932523612803,0.01537940948453421
20.5,0.762197498049296,0.22180120590853322,0.015763074006138498,0.00023822203603223943,0.016118149861363347
20.75,0.757014085616873,0.22622927235569978,0.016500993184133388,0.0002556488432938278,0.016881872043784774
21.000000000000004,0.7517975258702134,0.23066552279495547,0.017262846821948768,0.00027410451288233453,0.017671039022537232
21.25,0.746548884480565,0.23510844764194982,0.01804903289413752,0.00029363498334765425,0.01848611267338153
21.5,0.7412689749170993,0.23955679547559175,0.018859941691622275,0.0003142879156866653,0.019327553555084857
21.750000000000004,0.735958851585871,0.24400907240196956,0.019695964243485357,0.00033611176867403766,0.020195820707278822
22.000000000000004,0.7306193195260948,0.24846404052323662,0.020557482887215487,0.0003591570634530715,0.021091371448259857
22.25,0.7252514729261788,0.2529201693567218,0.021444882656022502,0.0003834750610769537,0.022014661172800324
22.500000000000004,0.7198561051286104,0.2573762391853996,0.02235853659495758,0.0004091190910324033,0.02296614315003834
22.750000000000004,0.7144343086581706,0.26183072630723386,0.02329882172380986,0.00043614331078568533,0.023946268321515342
23.0,0.7089869184511047,0.26628237510851016,0.024266102598828956,0.0004646038415561521,0.02495548509942938
23.250000000000004,0.7035149660215607,0.2707297302330062,0.02526074583958302,0.000494557905850037,0.025994239165172718
23.500000000000004,0.6980193631428204,0.2751714641189163,0.0262831083690423,0.0005260643692209764,0.02706297326822214
23.75,0.6925010604879502,0.27960621142121034,0.02733354443751369,0.0005591836533257351,0.028162127025450033
24.000000000000004,0.6869610566064648,0.28403256258461923,0.028412403456830604,0.0005939773520853842,0.029292136720924577
24.250000000000004,0.6814002187183654,0.28844924651312404,0.029520025621348152,0.0006305091471623878,0.030453435106267326
24.5,0.6758196237660135,0.29285478040472634,0.030656752413017466,0.0006688434162427336,0.03164645120163558
24.75,0.6702200742162159,0.29724796965909156,0.03182290904773381,0.0007090470769587492,0.03287161009739775
25.000000000000004,0.6646026921438747,0.30162729294140544,0.03301882749184732,0.0007511874228725499,0.034129332756569465
25.25,0.658968264125555,0.30599158278351724,0.03424481861285959,0.0007953344780681909,0.03542003581807689
25.5,0.6533179016534817,0.31033933790935525,0.03550120177656196,0.0008415586606011008,0.036744131400915946
25.750000000000004,0.647652431487666,0.31466936023105524,0.0367882753647145,0.0008899329165642164,0.03810202690927274
26.0,0.6419728985691415,0.3189802275155818,0.038106342885322,0.0009405310299546721,0.03949412483867293
26.25,0.6362802009481765,0.3232706782644481,0.03945569205271961,0.0009934287346557852,0.040920822583226234
26.500000000000004,0.6305752957468719,0.32753939297954177,0.04083660793982611,0.0010487033337602467,0.04238251224403174
26.75,0.6248591657050594,0.3317850325170757,0.0422493685133517,0.0011064332645132138,0.04387958043880989
27.0,0.6191326750485583,0.3360063872763834,0.043694238277095086,0.001166699397963246,0.04541240811282701
27.250000000000004,0.6133968846276627,0.3402020471005628,0.045171485373516666,0.0012295828982578152,0.04698137035117658
27.5,0.607652583286319,0.34437089565996787,0.04668135293596409,0.001295168117749046,0.04858683619248265
27.75,0.6019008779221393,0.348511485645141,0.0482240973320287,0.0013635391006909872,0.050229168444088694
28.000000000000004,0.5961425291032509,0.35262274552009965,0.04979994194871535,0.0014347834279340652,0.05190872349879678
28.25,0.5903786342753607,0.35670325038149375,0.05140912703646781,0.001508988306677693,0.05362585115321922
28.5,0.5846099865833985,0.36075190916008076,0.05305186007202006,0.001586244184500707,0.055380894427806325
28.750000000000004,0.5788376135945607,0.364767384558591,0.05472836006773034,0.0016666417791180305,0.05717418938861234
29.0,0.5730623733920138,0.3687485304451695,0.05643882202125275,0.0017502741415639511,0.05900606497086115
29.25,0.5672852014241038,0.37269412255318224,0.05818344031696476,0.0018372357057492295,0.06087684280437322
29.500000000000004,0.561507035290612,0.3766029433293511,0.059962399440006205,0.0019276219400307035,0.06278683704091499
29.75,0.5557287120509615,0.38047389048344865,0.061775866426666576,0.0020215310389232466,0.06473635418352944
30.000000000000004,0.5499512439910089,0.38430567945746147,0.06362401567965652,0.0021190608718730936,0.0667256929179093
30.250000000000004,0.5441753852819178,0.38809731529110025,0.06550698619455148,0.002220313232430493,0.06875514394586987
30.500000000000004,0.538402193516614,0.3918474779673925,0.06742493994053236,0.0023253885754611348,0.0708249898209816
30.75,0.5326323836130815,0.39555523376197654,0.06937799073731442,0.002434391887627521,0.07293550478641822
31.0,0.5268670051563992,0.39921928611447827,0.07136628213148603,0.002547426597636529,0.07508695461507926
31.250000000000004,0.5211067964829657,0.40283869384669585,0.07338990938367276,0.002664600286665736,0.07727959645204177
31.500000000000004,0.5153527373653048,0.4064122529566163,0.07544898981941649,0.0027860198586623502,0.07951367865939685
31.750000000000004,0.5096056223312084,0.40993897686527925,0.07754360574837993,0.0029117950551323935,0.08178944066352785
32.0,0.5038663381236269,0.4134177816034566,0.07967384372120812,0.0030420365517083714,0.08410711280488131
32.25,0.49813575087374,0.4168476166905709,0.08183977650585522,0.0031768559298337995,0.0864669161902859
32.5,0.4924146471757756,0.4202275287780219,0.0840414563536798,0.003316367692522776,0.08886906254787216
32.75,0.4867039617273642,0.4235564054444176,0.08627894763563976,0.003460685192578472,0.09131375408464323
33.00000000000001,0.4810043940856296,0.4268334117331512,0.08855226766355832,0.0036099265176608025,0.09380118334674883
33.25,0.47531692164916484,0.4300574016753256,0.09086146965762901,0.0037642070178805775,0.09633153308251227
33.5,0.46964219597711104,0.43322761595603254,0.09320654028764788,0.003923647779208478,0.09890497610825984
33.75,0.4639811877132815,0.4363429320048444,0.09558751360300503,0.004088366678868985,0.10152167517700003
34.0,0.45833456184528176,0.43940259539852866,0.09800435585191536,0.004258486904274217,0.10418178285000217
34.25,0.4527032222003042,0.4424055776110191,0.1004570706198726,0.004434129568804054,0.10688544137131892
34.50000000000001,0.44708787954052304,0.4453510890274688,0.10294561212572265,0.004615419306285479,0.1096327825452995
34.75,0.4414893467886136,0.4482382250356703,0.10546994726833966,0.004802480907376422,0.11242392761713862
35.0,0.43590839629927547,0.451066140180086,0.10803002355980647,0.004995439960832057,0.11525898715650454
35.25,0.4303457425531274,0.45383406578308655,0.11062576663714749,0.005194425026638555,0.11813806094428866
35.5,0.4248022181137445,0.45654109997453135,0.11325711940062456,0.005399562511099562,0.12106123786252031
35.75,0.41927844963033856,0.4591866004278465,0.11592396552151546,0.005610984420299503,0.12402859578748572
36.00000000000001,0.41377530798081036,0.4617696335697998,0.11862624019398071,0.005828818255409096,0.12704020148609202
36.25000000000001,0.4082933657862805,0.46428964457665056,0.12136379095780148,0.0060531986792674575,0.130096110515516
36.5,0.4028334879012241,0.46674572219066474,0.1241365349114885,0.006284254996622676,0.13319636712617447
36.75,0.39739625034905524,0.46913732837337363,0.12694429800396553,0.006522123273605601,0.13634100416805275
37.0,0.3919824563834681,0.4714636442394594,0.1297869637838405,0.00676693559323191,0.1395300430004293
37.25,0.38659271657085537,0.4737241065491659,0.13266434839216262,0.007018828487816098,0.14276349340502897
37.50000000000001,0.38122774789693475,0.4759180213810467,0.1355762932461914,0.007277937475827084,0.14604135350263972
37.75000000000001,0.37588821120370913,0.47804477749107654,0.13852261245234782,0.007544398852866452,0.14936360967322546
38.0,0.37057472970867067,0.4801038191323151,0.1415030994219433,0.007818351737070933,0.15273023647956696
38.25,0.3652880145260575,0.48209448399844396,0.14451756951641054,0.00809993195908798,0.15614119659445955
38.5,0.36002860332630754,0.484016347629801,0.14756576720125045,0.008389281842640955,0.15959644073149995
38.75,0.3547972396837767,0.48586871743252913,0.15064750579422392,0.008686537089470314,0.16309590757948741
39.00000000000001,0.34959440405784653,0.48765126555694077,0.15376248816476493,0.008991842220447827,0.16663952374046828
39.25000000000001,0.34442083417072944,0.48936331946042205,0.15691051263647735,0.009305333732371163,0.17022720367144922
39.5,0.33927700452020376,0.49100457900428646,0.16009125979292338,0.009627156682586346,0.1738588496298049
39.75,0.3341635977771988,0.49257445965531,0.16330449290199486,0.009957449665496304,0.17753435162240114
40.0,0.3290811119093502,0.49407264502380877,0.1665498860886754,0.010296356978165638,0.1812535873584602
40.25,0.32403014982054,0.4954986741471147,0.16982715575663743,0.010644020275707877,0.1850164222061856
40.50000000000001,0.31901124797803887,0.4968521895649455,0.1731359803189799,0.011000582138035703,0.18882270915316907
40.75000000000001,0.3140249225098999,0.4981328679797216,0.17647602194512832,0.01136618756525018,0.19267228877059756
41.0,0.30907174941446014,0.499340305468117,0.1798469680461187,0.011740977071304198,0.19656498918127882
41.25,0.30415216415186763,0.5004743121230394,0.18324842516794898,0.012125098557143998,0.20050062603150157
41.5,0.2992667683455435,0.501534454362836,0.18668008642305903,0.012518690868561583,0.20447900246674555
41.75,0.29441593976995034,0.5025206452366696,0.1901415114217638,0.012921903571616183,0.2084999091112561
42.00000000000001,0.28960027390034926,0.503432467538293,0.1936323835448343,0.013334875016523473,0.21256312405149666
42.25000000000001,0.28482013446934046,0.504269871642866,0.19715223956175723,0.013757754326036403,0.21666841282348898
42.5,0.2800760689513855,0.5050325217618666,0.20070072823502458,0.014190681051723303,0.22081552840405425
42.75,0.27536845446505426,0.5057203592515024,0.20427738416393013,0.014633802119513178,0.22500421120596303
43.0,0.2706977664454683,0.5063331684432909,0.2078818054505992,0.015087259660641616,0.2292341890770012
43.25,0.2660644090865846,0.5068708551411842,0.21151353862492964,0.015551197147301549,0.23350517730296022
43.50000000000001,0.261468779649888,0.5073333384038872,0.2151721221896079,0.01602575975661691,0.2378168786145578
43.75000000000001,0.2569113111112692,0.5077204809824251,0.2188571209078975,0.016511086998408253,0.24216898319829055
44.00000000000001,0.2523923269274639,0.508032334820738,0.22256801161623496,0.017007326635563147,0.24656116871122502
44.25,0.24791227846967423,0.5082687325826514,0.22630437427621755,0.017514614671456846,0.2509931002997271
44.5,0.24347143343938688,0.5084298327969758,0.23006563377114508,0.018033099992492252,0.255464430622131
44.75,0.2390702363587738,0.5085154794044557,0.2338513676906046,0.018562916546165875,0.259974799875346
45.00000000000001,0.23470893464349735,0.5085258762619312,0.2376609773378438,0.01910421175672755,0.2645238358254028
45.25000000000001,0.23038793178009476,0.5084609401698421,0.24149400837201124,0.019657119678051893,0.26911115384193035
45.50000000000001,0.2261074799705893,0.5083208712075519,0.24534986487929342,0.02022178394256538,0.2737363569365653
45.75,0.22186791908868322,0.5081057010613789,0.24922803921547518,0.02079834063446276,0.27839903580528413
46.0,0.21766951803568738,0.5078155980638251,0.25312795591579906,0.021386927984688442,0.28309876887465235
46.25,0.21351254803611117,0.5074507235305169,0.25704904359965214,0.021987684833719767,0.28783512235198344
46.50000000000001,0.2093972967475497,0.5070112047260529,0.2609907552344267,0.022600743291970704,0.29260765027939684
46.75000000000001,0.20532396978265804,0.5064973329393688,0.26495245274829454,0.02322624452967853,0.29741589459176665
47.00000000000001,0.2012928661737029,0.5059092037391913,0.2689336150494512,0.02386431503765457,0.30225938517854667
47.25,0.197304139662785,0.5052472160059658,0.27293354769299044,0.024515096638258738,0.3071376399494605
47.5,0.19335808149855574,0.5045114701153879,0.2769517364311976,0.025178711954858823,0.31205016490404275
47.75,0.1894548210481836,0.5037024165286254,0.28098746204161085,0.025855300381580237,0.31699645420501277
48.00000000000001,0.18559461500464638,0.5028202181695445,0.28504018344752735,0.026544983378281817,0.32197599025547097
48.25000000000001,0.18177759071601893,0.501865324887726,0.28910918953734255,0.027247894858912547,0.3269882437798911
48.50000000000001,0.17800394994449925,0.5008380076980564,0.29319388461366314,0.02796415774378125,0.3320326739088966
48.75,0.1742738279386287,0.49973868672433236,0.2972935868957935,0.02869389844124548,0.33710872826779764
49.0,0.17058736765476157,0.49856775555139127,0.30140763438136803,0.029437242412479137,0.34221584306886776
49.25,0.16694471439185457,0.4973255937797142,0.3055353842608407,0.03019430756759056,0.34735344320733574
49.5,0.16334595439372962,0.49601271979732636,0.3096761042260133,0.030965221582930635,0.35252094236107506
49.75000000000001,0.15979123806809312,0.49462947878356434,0.31382918875804877,0.03175009439029375,0.3577177430939562
50.00000000000001,0.15628060510564698,0.4931764952016849,0.31799384568119216,0.03254905401147595,0.36294323696284414
50.25,0.15281419719199343,0.4916541113775828,0.32216948696108977,0.03336220446933402,0.36819680462821053
50.5,0.14939202780572114,0.4900630077664634,0.32635529387662854,0.034189670551186935,0.37347781596833035
50.75,0.1460142098526182,0.4884035774358713,0.3305506590125214,0.035031553698989026,0.3787856301970366
51.0,0.14268074989478743,0.4866765014394189,0.33475477714927276,0.035887971516520956,0.38411959598499923
51.25000000000001,0.13939171452411847,0.4848822726874724,0.3389669864202396,0.03675902636816952,0.38947905158449997
51.50000000000001,0.13614711130888366,0.4830215429026816,0.343186519633655,0.03764482615477971,0.39486332495766513
51.75,0.1329469577180365,0.4810949186845398,0.3474126478861315,0.03854547571129224,0.40027173390812826
52.0,0.12979126439973876,0.47910301052492704,0.35164465318269533,0.039461071892638866,0.40570358621608166
52.25,0.12668000118005135,0.477046542493569,0.35588173446049787,0.04039172186588186,0.411158179776685
52.5,0.12361317873211625,0.4749260870664721,0.3601232222647936,0.04133751193661811,0.41663480274178977
52.75000000000001,0.12059072655703464,0.4727424704283451,0.36436825343467133,0.04229854957994894,0.42213273366494525
53.00000000000001,0.1176126458644282,0.4704962538922986,0.36861618729238227,0.04327491295089092,0.4276512416496422
53.25000000000001,0.11467884037154207,0.4681883214800347,0.3728661324090319,0.04426670573939134,0.43318958650075745
53.5,0.11178928744762161,0.46581927271704465,0.37711743783955104,0.04527400199578269,0.43874701887915574
53.75,0.10894388076766448,0.46338999216670035,0.38136923045010107,0.0462968966155341,0.4443227804594066
54.0,0.10614255984941821,0.46090116889383353,0.3856208071637696,0.04733546409297862,0.4499161040905728
54.25000000000001,0.10338521447201104,0.45835365744635714,0.38987134067388696,0.0483897874077448,0.4555262139600259
54.50000000000001,0.10067174421318227,0.45574824999006197,0.39412006212624895,0.04945994367050682,0.46115232576024334
54.75000000000001,0.09800203691309738,0.4530857582269713,0.3983662027054546,0.050546002154476743,0.46679364685854113
55.0,0.09537595333096693,0.45036708236723727,0.40260892156098615,0.05164804274080964,0.47244937646969254
55.25,0.09279337770254013,0.44759299202802466,0.40684750886131765,0.05276612140811754,0.4781187058313875
55.5,0.0902541371328424,0.44476448319439765,0.4110810609884597,0.053900318684300286,0.48380081838248146
55.75000000000001,0.08775810612688437,0.44188230581971605,0.41530890807070364,0.055050679982695916,0.48949488994398316
56.00000000000001,0.08530508822777774,0.43894751292215245,0.41953011698803205,0.05621728186203778,0.49520008890273154
56.25000000000001,0.08289493841133441,0.4359608798660417,0.4237440176935235,0.057400164029100365,0.50091557639771
56.5,0.08052744877443746,0.43292345921004827,0.4279496991705035,0.05859939284501081,0.5066405065089432
56.75,0.07820244442744756,0.42983610354519886,0.43214644395756907,0.05981500806978446,0.5123740264489245
57.0,0.07591971067867012,0.4266998340842642,0.43633339323632286,0.061047062000742836,0.5181152767565188
57.25000000000001,0.07367904117608691,0.4235155943549209,0.440509767029248,0.062295597439744166,0.523863391493288
57.50000000000001,0.07148021624605362,0.42028436063416375,0.4446747728496191,0.06356065027016355,0.5296174984421753
57.75000000000001,0.06932299901206654,0.4170071730658292,0.44882756101872495,0.06484226690337941,0.5353767193085044
58.0,0.06720716412582292,0.41368496177916847,0.4529674070403075,0.06614046705470106,0.541140169923222
58.25,0.0651324477896037,0.410318854052259,0.45709339956275424,0.06745529859538307,0.5469069604483353
58.5,0.06309861533710005,0.4069097521355075,0.46120486441214936,0.06878676811524309,0.5526761955844827
58.75000000000001,0.06110538287051584,0.4034588370191712,0.4653008602973994,0.07013491981291359,0.5584469747805729
59.00000000000001,0.05915250013571306,0.39996702370203646,0.46938072325336166,0.07149975290888888,0.5642183924454417
59.25000000000001,0.05723967195951951,0.39643549094948666,0.47344353675862927,0.07288130033236462,0.5699895381614559
59.5,0.055366625502952654,0.39286521699532545,0.4774885964315156,0.07427956107020633,0.5757594969000096
59.75,0.0535330577843009,0.3892573476666856,0.48151504255878863,0.07569455199022479,0.5815273492388443
60.00000000000001,0.05173867218148784,0.3856129385865842,0.4855221133584143,0.07712627587351367,0.5872921715811369
60.25,0.049983159523578825,0.3819330885280086,0.48950902145198694,0.0785747304964256,0.5930530363762847
60.50000000000001,0.04826620026340977,0.3782189364626359,0.4934749397278267,0.08003992354612771,0.5988090123423303
60.75,0.0465874789920781,0.3744715314479935,0.49741915587192154,0.0815218336880068,0.604559164689954
61.00000000000001,0.04494665575641954,0.37069208878730997,0.5013407840228947,0.08302047143337576,0.6103025553479777
61.25000000000001,0.04334340700845568,0.3668816222391292,0.505239171101346,0.08453579965106917,0.6160382431903044
61.5,0.04177737690465829,0.36304139513246847,0.5091134019074145,0.08606782605545871,0.6217652842642365
61.75000000000001,0.04024823008178842,0.3591724219345695,0.5129628435492296,0.08761650443441249,0.6274827320201011
62.0,0.038755600906831555,0.35527596136244,0.5167866071069694,0.08918183062375906,0.6331896375421133
62.25000000000001,0.03729913792774899,0.35135307589195425,0.5205840281940443,0.09076375798625247,0.6388850497804177
62.50000000000001,0.035878468281283375,0.3474049897857442,0.5243542773914344,0.09236226454153806,0.64456801578423
62.75,0.034493223601448984,0.3434328282667038,0.5280966395834461,0.09397730854840103,0.650237580936019
63.00000000000001,0.03314302520062793,0.33943776678800425,0.531810361633358,0.09560884637800982,0.6558927891866582
63.25,0.03182748862508694,0.3354209990942728,0.535494669308709,0.09725684297193127,0.6615326832914715
63.50000000000001,0.030546229711709602,0.3313836482725037,0.5391488893606753,0.09892123265511144,0.6671563050471147
63.75,0.029298849713524706,0.3273269716783091,0.5427721934584832,0.100601985149683,0.6727626955292119
64.0,0.02808495824341059,0.3232520509428252,0.5463639745627248,0.10229901625103943,0.6783508953306892
64.25000000000001,0.02690414521791767,0.31916018364900056,0.5499233767235819,0.10401229440949988,0.6839199448007194
64.5,0.025756012160322205,0.31505244109683456,0.5534498221575855,0.10574172458525777,0.6894688842842253
64.75000000000001,0.02464014167328982,0.31093011341832144,0.5569424815689694,0.10748726333941927,0.6949967543618587
65.0,0.02355612492258497,0.30679430412334735,0.5604007558760901,0.10924881507797768,0.7005025960903846
65.25,0.022503542175269692,0.302646215153973,0.56382393599992,0.11102630667083724,0.7059854512434095
65.5,0.02148196944190919,0.29848705677098447,0.5672113085385636,0.11281966524854281,0.7114443625523699
65.75,0.020490982245381498,0.29431801439307476,0.5705622123358385,0.11462879102570533,0.7168783739477191
66.00000000000001,0.01953015023318346,0.2901402877712098,0.5738759595705687,0.116453602425038,0.7222865308002371
66.25,0.018599040735527202,0.285955070742248,0.5771518817053806,0.11829400681684421,0.7276678801623927
66.5,0.017697218335008372,0.2817635524098029,0.5803893230508681,0.12014990620432064,0.7330214710096871
66.75,0.016824244830261837,0.2775669209872902,0.5835876356848964,0.12202119849755166,0.7383463544819037
67.0,0.015979679437202878,0.27336636338345577,0.5867461797471929,0.12390777743214842,0.7436415841242016
67.25000000000001,0.015163079000592543,0.26916306419192254,0.5898643244189691,0.1258095323885159,0.7489062161279681
67.5,0.014373998246158636,0.2649582034160466,0.5929414504104968,0.12772634792729798,0.7541393095713725
67.75000000000001,0.013611989731667253,0.260752960556603,0.5959769448904803,0.1296581048212495,0.75933992665954
68.0,0.012876603994165497,0.25654851193170636,0.5989702040946029,0.1316046799795253,0.7645071329642764
68.25,0.012167389757116185,0.2523460300876077,0.6019206337665525,0.13356594638872366,0.769639997663278
68.5,0.011483894127960413,0.24814668351865773,0.6048276492540148,0.1355417730993671,0.7747375937787447
68.75,0.010825662792776384,0.2439516363947646,0.6076906756020253,0.13753202521043373,0.7797989984153388
69.00000000000001,0.010192240208136475,0.2397620482969882,0.6105091476435413,0.13953656385133406,0.7848232929974064
69.25,0.009583169790192941,0.2355790739617693,0.6132825100872886,0.1415552461607491,0.7898095635053975
69.5,0.008997994101002561,0.23140386303429641,0.6160102176029801,0.14358792526172093,0.7947569007114145
69.75,0.008436255032082977,0.2272375598314902,0.6186917349040774,0.14563445023234944,0.7996644004138137
70.0,0.007897493988549742,0.22308130284281824,0.621326537160609,0.14769466600802295,0.8045311636707979
70.25000000000001,0.007381252105011619,0.2189362221002248,0.6239141130847202,0.14976841271004337,0.8093562970329208
70.5,0.006887070323798053,0.21480344263099646,0.6264539603444323,0.15185552670077307,0.814138912774444
70.75000000000001,0.006414489502483765,0.2106840827418318,0.6289455869960334,0.15395584075965096,0.8188781291234687
71.0,0.005963050603556822,0.20657925310316647,0.6313885123294963,0.15606918396378033,0.8235730704907797
71.25,0.005532294878389401,0.2024900565011576,0.6337822669323934,0.1581953816880597,0.828222867697329
71.5,0.005121764047859612,0.19841758759592631,0.6361263927523911,0.16033425560382297,0.8328266582002937
71.75,0.0047310004797973485,0.1943629326872986,0.6384204431578829,0.16248562367502106,0.8373835863176398
72.00000000000001,0.004359547363294175,0.19032716948839773,0.6406639829969349,0.16464930015137313,0.8418928034511254
72.25,0.004006948879900802,0.18631136690745354,0.6428565886547664,0.16682509555787928,0.8463534683076738
72.50000000000001,0.0036727503717245754,0.18231658483815072,0.6449978481100618,0.16901281668006296,0.8507647471190555
72.75,0.00335649850660442,0.17834387391593443,0.6470873610469137,0.17121226653054744,0.8551258138598071
73.0,0.0030577414523160263,0.17439427332646615,0.6491247416042288,0.1734232436169889,0.8594358504633276
73.25000000000001,0.0027760290120742662,0.17046881282738624,0.6511096154319226,0.17564554272861688,0.8636940470360831
73.5,0.0025109127282307133,0.16656851236600007,0.6530416193349624,0.1778789555708069,0.8678996020698583
73.75000000000001,0.0022619460459489386,0.16269438080766713,0.6549204026069376,0.18012327053944632,0.8720517226519912
74.0,0.002028684478059678,0.15884741573094155,0.6567456270572215,0.18237827273377727,0.8761496246735238
74.25,0.0018106857662831498,0.15502860322683454,0.6585169670382403,0.18464374396864203,0.8801925330352154
74.5,0.001607510039054185,0.15123891770476708,0.6602341094718218,0.1869194627843569,0.8841796818513439
74.75,0.0014187199659988568,0.14747932170540268,0.661896753874932,0.1892052044536665,0.8881103146512486
75.00000000000001,0.0012438809091027288,0.14375076572059717,0.6635046123851199,0.1915007409851801,0.8919836845785404
75.25,0.0010825610706028902,0.14005418802063496,0.6650574097860874,0.19380584112267474,0.8957990545879296
75.50000000000001,0.0009343316376316508,0.1363905144888644,0.6665548835338866,0.19612027033961732,0.899555697639608
75.75,0.0007987669251048056,0.13276065730836828,0.6679967855126416,0.19844379025388525,0.903252896891124
76.0,0.0006754445128915408,0.12916551527359782,0.6693828814284727,0.20077615878503796,0.9068899458867019
76.25000000000001,0.0005639453585357035,0.12560597476121607,0.6707129484062365,0.20311713147401178,0.9104661487439382
76.5,0.0004638539334942501,0.12208290816875209,0.6719867767898743,0.20546646110787936,0.9139808203378268
76.75000000000001,0.00037475836415235046,0.11859717375886931,0.673204170134884,0.2078238977420943,0.9174332864820529
77.0,0.00029625056912721434,0.11514961550788609,0.6743649451979529,0.2101891887250339,0.9208228841075045
77.25,0.00022792639309117624,0.1117410629600219,0.6754689319266236,0.21256207872026334,0.9241489614379446
77.5,0.00016938573717378301,0.10837233108742882,0.6765159734494186,0.21494230972597883,0.9274108781627929
77.75,0.0001202326859973819,0.10504422015609427,0.6775059260668485,0.2173296210910599,0.9306080056069684
78.00000000000001,8.007563139770121e-05,0.10175751559765772,0.6784386592438116,0.21972374952713292,0.933739726897734
78.25,4.8527392879453374e-05,0.0985129878870959,0.6793140556039761,0.22212442911604857,0.9368054371284988
78.50000000000001,2.5205334760436992e-05,0.0953113919165608,0.680132011808035,0.22453139094064378,0.9398045435195305
78.75,9.731480406002247e-06,0.09215346636564607,0.6808924395694752,0.22694436258447281,0.9427364655755214
79.0,1.7326224294293668e-06,0.08903993516344202,0.6815952622238663,0.22936306999026224,0.9456006352399698
79.25000000000001,8.404356726988019e-07,0.08597150607054618,0.682240416411267,0.23178723708251414,0.9483964970463239
79.5,6.69159058792283e-06,0.08294887051631752,0.6828278521352699,0.23421658575782467,0.9511235082658457
79.75000000000001,1.892786310697713e-05,0.07997270350261036,0.6833575327146431,0.23665083591963965,0.9537811390521497
80.0,3.719624106947655e-05,0.07704366351211214,0.6838294347359642,0.23908970551085418,0.9563688725823725
80.25000000000001,6.11490272787918e-05,0.07416239242126241,0.684243548007769,0.24153291054368975,0.9588862051949317
80.5,9.044393925346637e-05,0.07132951541772432,0.6845998755167145,0.2439801651263076,0.9613326465238312
80.75,0.00012474420574107672,0.06854564092230905,0.6848984333863558,0.24643118148559406,0.9637077196294738
81.00000000000001,0.0001637186600627131,0.06581136051518603,0.685139250839196,0.24888566998555528,0.9660109611259404
81.25,0.00020704183056579394,0.06312724869390517,0.6853223705282986,0.2513433389472305,0.9682419213047002
81.50000000000001,0.00025439402807228936,0.060493862090783716,0.6854478501824882,0.25380389369865586,0.9704001642547093
81.75,0.00030546143411871925,0.05791174068046942,0.6855157593132515,0.2562670385721604,0.9724852679788679
82.0,0.0003599361934056583,0.05538140682527588,0.6855261801923479,0.2587324767889705,0.9744968245067964
82.25,0.0004175164981638804,0.05290336493532694,0.6854792077191914,0.26119991084731775,0.9764344400038971
82.5,0.0004779066859300701,0.05047810556547558,0.6853749024767305,0.26366908527186383,0.9782977348766718
82.75000000000001,0.000540817245456191,0.04810609085735776,0.6852134742473357,0.2661396176498504,0.9800863438742594
83.0,0.0006059649880192188,0.04578777158171788,0.6849950086439978,0.26861125478626513,0.9817999161861639
83.25000000000001,0.0006730730633113556,0.043523585270339615,0.6847196709737535,0.27108367069259554,0.9834381155361467
83.5,0.0007418710300810103,0.04131394149660656,0.6843875963006706,0.27355659117264175,0.9850006202722498
83.75,0.0008120949299094856,0.0391592445337289,0.6839989794641413,0.27602968107222026,0.9864871234529259
84.00000000000001,0.0008834873379562938,0.03705986755378628,0.6835539827646816,0.2785026623435758,0.9878973329292495
84.25,0.0009557974489207326,0.035016175449876744,0.6830528220925409,0.2809752050086616,0.9892309714231823
84.50000000000001,0.0010287810914411416,0.03302850870243406,0.6824956943029581,0.2834470159031668,0.9904877766018717
84.75,0.0011022008373019793,0.03109719544630102,0.6818828010295508,0.2859178026868462,0.9916675011479562
85.0,0.0011758260336267952,0.029222537760047428,0.6812144216798628,0.288387214526463,0.992769912825863
85.25,0.0012494328602595482,0.027404819654720036,0.6804907590991107,0.2908549883859096,0.9937947945440685
85.5,0.0013228043693324252,0.02564431442696311,0.6797121221487572,0.29332075905494726,0.9947419444133142
85.75000000000001,0.001395730507061537,0.023941267362563134,0.6788787432776248,0.2957842588527505,0.9956111758007482
86.0,0.0014680082262539431,0.022295915581022955,0.6779909220154136,0.29824515417730957,0.9964023173799879
86.25000000000001,0.0015394414107574065,0.02070846593403156,0.6770489282688358,0.30070316438637523,0.9971152131770777
86.5,0.0016098410417959143,0.019179121279392173,0.6760530872298601,0.3031579504489518,0.9977497226123386
86.75,0.0016790250899455068,0.017708051597969492,0.6750036938391955,0.3056092294728895,0.9983057205380867
87.00000000000001,0.0017468186976195238,0.016295420280382604,0.6739010926273673,0.30805666839463064,0.9987830972722178
87.25,0.0018130540521291288,0.014941364054138087,0.6727456096577361,0.3104999722359967,0.9991817586276414
87.50000000000001,0.0018775705252914077,0.0136460063863002,0.6715375781134525,0.31293884497495594,0.9995016259375614
87.75,0.001940214700702441,0.0124094504687645,0.6702773959657483,0.3153729388647847,0.9997426360765891
88.00000000000001,0.0020008402971865256,0.011231775750191365,0.6689653979086656,0.3178019860439565,0.9999047414776887
88.25,0.0020593083255763148,0.010113055049727253,0.6676020082643143,0.32022562836038215,0.9999879101449453
88.5,0.002115486912532467,0.009053330435412937,0.6661875870906533,0.3226435955614013,0.9999921256621533
88.75000000000001,0.0021692515348586735,0.008052636367215413,0.6647225521612339,0.325055559936692,0.9999173871972244
89.0,0.0022204847797721514,0.007110978840751997,0.663207294043637,0.32746124233583895,0.9997637095024097
89.25000000000001,0.0022690766402496862,0.006228358920300032,0.6616422570691547,0.3298603073702956,0.9995311229103405
89.5,0.002314924230825899,0.005404747810077955,0.6600278588110813,0.3322524691480149,0.9992196733258855
