time_ns,source_probability,intermediate_probability,target_probability,leakage_probability,reduced_target_probability
0.0,1.0,0.0,0.0,0.0,6.099169245327161e-32
0.25,0.9999605001143925,3.9499495500777205e-05,3.901067455856367e-10,0.0,3.8960987334441953e-10
0.5,0.9998421169141507,0.00015787685091163007,6.234937384127939e-09,2.8324173530279393e-16,6.2324865704454335e-09
0.7500000000000001,0.999644963058715,0.00035500539195673235,3.1549328448211096e-08,0.0,3.1541238426022984e-08
1.0,0.9993692900566806,0.0006306102886436274,9.965467572809713e-08,1.8609088858050364e-17,9.963845267489558e-08
1.25,0.9990154165994313,0.000984340265273945,2.4313529489743116e-07,0.0,2.4310911260220296e-07
1.5000000000000002,0.9985837651191268,0.0014157311098032894,5.037710700164688e-07,0.0,5.03734095732625e-07
1.7500000000000002,0.9980748443179709,0.0019242232330168346,9.324490123431438e-07,0.0,9.324048670195529e-07
2.0,0.997489257628185,0.002509153307551852,1.5890642630148424e-06,1.6649660776056792e-16,1.5890195132492391e-06
2.2500000000000004,0.9968276983505736,0.0031697592553237013,2.5423941026537743e-06,3.498584885339162e-17,2.542360296896751e-06
2.5,0.9960909492461404,0.003905180795123469,3.869958736125458e-06,1.6328254124221148e-17,3.869952939411942e-06
2.7500000000000004,0.9952798822023649,0.004714459935255329,5.657862379970799e-06,0.0,5.657907875321434e-06
3.0000000000000004,0.9943954572018394,0.005596542181565993,8.000616594415584e-06,1.7510034492230347e-16,8.00074374956849e-06
3.25,0.9934387209638799,0.006550278090112774,1.1000946007435585e-05,0.0,1.1001193461099757e-05
3.5000000000000004,0.9924108053705853,0.007574425052233199,1.47695771814541e-05,0.0,1.4769993085848087e-05
3.7500000000000004,0.991312925939243,0.008667649049738501,1.9425011018608536e-05,0.0,1.942565404183808e-05
4.0,0.9901463804457893,0.009828526275299215,2.5093278911720287e-05,0.0,2.5094218888178572e-05
4.25,0.9889125475974926,0.011055544719750404,3.190768275669994e-05,3.101292551759005e-16,3.190900117810333e-05
4.500000000000001,0.9876128848296593,0.012347106650636354,4.000851970451934e-05,0.0,4.001030981396576e-05
4.75,0.9862489217490887,0.013701535456112092,4.954279479942683e-05,0.0,4.95451583791279e-05
5.0,0.9848222840922144,0.015117052012827552,6.066389495815727e-05,0.0,6.0666959947963836e-05
5.250000000000001,0.9833346459794554,0.016591822713236736,7.353130730762337e-05,2.276146935861756e-16,7.353520790070465e-05
5.500000000000001,0.9817877582056095,0.018123931528221608,8.831026616887771e-05,2.981555974335137e-17,8.831514329445613e-05
5.75,0.9801834607860496,0.019711367832762883,0.00010517138118746004,9.135758555905982e-17,0.00010517740936560806
6.000000000000001,0.9785236303355228,0.02135207932122748,0.00012429034324928993,4.1909834977427174e-16,0.0001242976937615952
6.250000000000001,0.9768102409213365,0.02304391160404729,0.00014584747461634511,0.0,0.0001458563591220185
6.5,0.9750452924846608,0.02478468007332974,0.00017002744200923325,2.614011437862551e-16,0.00017003806264999464
6.75,0.9732308739165892,0.026572107306659494,0.0001970187767510666,1.9412639898352957e-16,0.00019703136533457397
7.000000000000001,0.9713691399627822,0.028403846559206122,0.00022701347801191863,0.0,0.00022702833150391177
7.25,0.9694622517749794,0.030277541464338666,0.0002602067606822572,0.0,0.0002602241194067187
7.500000000000001,0.9675124836222561,0.032190720011912984,0.00029679636583105224,0.0,0.00029681656353616384
7.75,0.9655220902561664,0.034140927315170246,0.0003369824286633308,2.7647155398380363e-18,0.000337005749425948
8.0,0.9634934487554431,0.03612558449547754,0.00038096674907942045,0.0,0.0003809935816627427
8.250000000000002,0.9614289023159539,0.03814214499808271,0.00042895268596348265,0.0,0.00042898334587223674
8.5,0.95933090726974,0.040187948389145176,0.0004811443411145569,2.489870289112961e-16,0.00048117926544822274
8.75,0.9572018957904022,0.042260357697931045,0.0005377465116667491,4.87890977618477e-17,0.0005377860538047401
9.000000000000002,0.9550443896242176,0.04435664655493655,0.000598963820846145,0.0,0.0005990084629409265
9.25,0.9528608898861218,0.04647410942502759,0.0006650006888506053,0.0,0.000665050829116478
9.5,0.9506539758262502,0.04860996372918375,0.0007360604445659182,1.1525069093520912e-16,0.0007361166164424698
9.750000000000002,0.9484262046445504,0.05076145003991123,0.0008123453155383953,0.0,0.000812407959198254
10.0,0.9461801978325466,0.052925746664452114,0.0008940555030015818,0.0,0.0008941252036891346
10.25,0.9439185615190437,0.055100049270801796,0.0009813892101546997,0.0,0.0009814664504630335
10.500000000000002,0.9416439368215884,0.057281521415225835,0.0010745417631858453,0.0,0.0010746270977057496
10.75,0.9393589965796781,0.059467298065963195,0.0011737053543586524,1.214306433183765e-17,0.0011737993866350722
11.000000000000002,0.9370663809209459,0.06165455048403636,0.0012790685950180695,0.0,0.001279171949713005
11.250000000000002,0.9347687540320164,0.0638404299415415,0.0013908160264420463,2.7538735181131813e-17,0.0013909293624932678
11.5,0.932468783303585,0.06602208900103636,0.0015091276953789073,0.0,0.001509251699917481
11.750000000000002,0.9301691356579846,0.0681966856333842,0.0016341787086309996,1.5417354892743873e-16,0.001634314097868812
12.000000000000002,0.9278724739399425,0.07036138725846962,0.0017661388015878738,0.0,0.0017662863207855656
12.25,0.9255814537660477,0.07251337432004355,0.0019051719139088472,0.0,0.0019053323361297022
12.500000000000002,0.9232987204968153,0.0746498437311963,0.002051435771988479,0.0,0.002051609896496476
12.75,0.9210269061256909,0.076768012395419,0.002205081478890275,0.0,0.002205270130141432
13.0,0.9187686260061019,0.07886512088074152,0.0023662531131564504,1.5742615544489524e-16,0.002366457140689469
13.250000000000002,0.9165264754775475,0.08093843718446783,0.002535087337984709,0.0,0.0025353076167781356
13.5,0.9143030265330813,0.08298526044509417,0.002711713021824446,1.1449174941446927e-16,0.002711950452373634
13.75,0.9121008246428043,0.08500292448633401,0.0028962508708617572,0.0,0.002896506378482532
14.000000000000002,0.9099223857408894,0.08698880118556516,0.0030888130735456983,0.0,0.0030890876069664345
14.25,0.9077701932855347,0.08894030375704673,0.003289502957418423,1.93421667571414e-16,0.0032897974871488474
14.5,0.9056466952860139,0.09085489005509337,0.0034984146588925764,1.192622389734055e-16,0.003498730175885367
14.750000000000002,0.9035543012610078,0.0927300659320366,0.003715632806956016,0.0,0.003715970321748194
15.000000000000002,0.9014953791833472,0.09456338859481318,0.003941232221839605,0.0,0.003941592763955321
15.250000000000002,0.8994722499291371,0.09635247244464583,0.0041752776262168854,1.8388068845354155e-16,0.004175662246652767
15.5,0.8974871553308007,0.09809502133194621,0.004417823337253042,4.597017211338539e-17,0.004418233149135356
15.750000000000002,0.8955424052039027,0.0997886815994711,0.004668913196626336,0.0,0.004669349232567464
16.0,0.8936401100618194,0.10143130991192191,0.004928580026259065,0.0,0.004929043403740221
16.25,0.8917823683295272,0.10302078598014272,0.005196845690329674,4.3021142204224816e-16,0.0051973374963760225
16.500000000000004,0.8899713087610011,0.1045549704786416,0.005473720760357569,0.0,0.005474242070464113
16.75,0.8882088664522315,0.10603192923085157,0.0057592043169166374,2.7582103268031233e-16,0.005759756230083611
17.0,0.8864970469862193,0.10744966914825371,0.006053283865527003,0.0,0.006053867460141836
17.250000000000004,0.8848376454025665,0.1088064195446284,0.0063559350528049246,1.8995222061946038e-16,0.006356551482426628
17.5,0.8832325381940661,0.11010034005703419,0.006667121748899456,2.480654570646834e-16,0.006667772131341358
17.75,0.8816833871132036,0.1113298170988826,0.006986795787913719,8.847089727481716e-17,0.006987481249660626
18.000000000000004,0.8801918935720074,0.11249320947032337,0.007314896957669618,0.0,0.007315618604613739
18.25,0.878759679342562,0.11358896794543653,0.0076513527120014024,1.3877787807814457e-17,0.007652111824570616
18.5,0.8773882038861381,0.1146157172231716,0.007996078890690634,0.0,0.007996876356572898
18.750000000000004,0.8760789381261921,0.11557208342330012,0.008348978450507933,0.0,0.008349815444919837
19.0,0.8748331715252027,0.11645688603562078,0.008709942439176586,0.0,0.008710820130985222
19.25,0.8736522445565559,0.11726890587914805,0.009078849564295832,2.3592239273284576e-16,0.009079769274407918
19.500000000000004,0.8725373331793298,0.1180070996719914,0.009455567148679293,0.0,0.009456529595764497
19.75,0.8714895568776381,0.11867049370854886,0.009839949413813387,0.0,0.009840955740797876
20.0,0.8705098725570988,0.1192582884949853,0.010231838947916346,0.0,0.01023289036624145
20.250000000000004,0.8695992755696921,0.11976965804964727,0.010631066380660432,2.185751579730777e-16,0.010632164247243262
20.5,0.8687586134840106,0.12020393501464596,0.011037451501343446,0.0,0.011038596406359735
20.75,0.867988635802691,0.12056056310436165,0.011450801092947292,2.0816681711721685e-17,0.01145199426405352
21.000000000000004,0.8672899661717962,0.12083912259799968,0.01187091123020441,0.0,0.01187215381059504
21.25,0.8666632366323229,0.12103919653804583,0.01229756682963128,0.0,0.012298859799231725
21.5,0.8661089472659884,0.12116051094296593,0.012730541791045536,1.214306433183765e-16,0.012731885960454768
21.750000000000004,0.8656274278817977,0.1212029740217803,0.01316959809642189,1.0928757898653885e-16,0.013170995237157602
22.000000000000004,0.8652190450924133,0.12116646533975116,0.013614489567835335,1.8735013540549517e-16,0.013615940040445942
22.25,0.8648839777543574,0.12105106481393982,0.014064957431702664,8.153200337090993e-17,0.014066462525825028
22.500000000000004,0.8646223151484337,0.12085695068876738,0.014520734162798914,2.0816681711721685e-17,0.01452229488945508
22.750000000000004,0.8644341246566096,0.12058433292381664,0.014981542419573775,0.0,0.014983159684132386
23.0,0.8643193649831389,0.120233539240921,0.015447095775940061,5.0306980803327406e-17,0.015448770154620381
23.250000000000004,0.8642778032411099,0.119805098974573,0.015917097784317248,0.0,0.01591883059192126
23.500000000000004,0.8643092562317364,0.11929949881398323,0.01639124495428057,0.0,0.016393036706047272
23.75,0.8644132883873047,0.11871748821854956,0.016869223394145785,0.0,0.01687107601681801
24.000000000000004,0.864589547880914,0.11805973733124715,0.017350714787838967,0.0,0.017352628262179388
24.250000000000004,0.864837464683985,0.1173271449410053,0.01783539037500969,0.0,0.01783736582350872
24.5,0.8651564033611315,0.1165206805884663,0.01832291605040201,1.5265566588595902e-16,0.018324954167341114
24.75,0.8655456854046409,0.11564136374548907,0.018812950849869975,1.3877787807814457e-17,0.018815052302922426
25.000000000000004,0.8660045414379602,0.11469031037750306,0.019305148184536932,0.0,0.01930731325496613
25.25,0.866532011227866,0.11366883404797548,0.019799154724158635,0.0,0.019801384550963738
25.5,0.8671271961151202,0.11257818990166693,0.02029461398321285,0.0,0.020296908722371717
25.750000000000004,0.8677889408246935,0.11141989682976222,0.020791162345544293,0.0,0.020793523818971957
26.0,0.8685161713196047,0.11019539277039328,0.021288435910001718,3.226585665316861e-16,0.021290863935678566
26.25,0.8693076573166355,0.10890627793373601,0.02178606474962861,0.0,0.021788559751039153
26.500000000000004,0.8701620866247144,0.10755423674827116,0.022283676627014377,6.591949208711867e-17,0.022286239076657183
26.75,0.8710780729358057,0.10614102996093012,0.02278089710326398,1.491862189340054e-16,0.022783527416739065
27.0,0.8720541516435124,0.10466849836857776,0.023277349987909826,0.0,0.023280048536950485
27.250000000000004,0.8730887813634535,0.10313856071974062,0.023772657916806158,0.0,0.023775425041745984
27.5,0.8741803459671632,0.10155321109556595,0.024266442937270972,0.0,0.02426927895931842
27.75,0.8753271685694453,0.0999145042977677,0.024758327132787063,0.0,0.024761232333297897
28.000000000000004,0.8765274679701075,0.09822459869630847,0.025247933333583692,3.434752482434078e-16,0.025250907820313757
28.25,0.8777794388311605,0.09648567568032304,0.025734885488516664,0.0,0.025737929292519234
28.5,0.8790811559297751,0.09470003586383625,0.02621880820638861,4.163336342344337e-17,0.026221922444165317
28.750000000000004,0.8804307075507948,0.09286996111614286,0.0266993313330622,1.6306400674181987e-16,0.026702515401298282
29.0,0.8818260717347336,0.09099784222953088,0.027176086035735347,1.8041124150158794e-16,0.027179339333645563
29.25,0.883265165942303,0.08908612795132165,0.027648706106375407,0.0,0.02765202906774525
29.500000000000004,0.8847458633383362,0.08713730487332275,0.028116831788340967,1.2836953722228372e-16,0.028120223700366705
29.75,0.8862659821801918,0.08515391129832303,0.028580106521485286,0.0,0.028583567211264736
30.000000000000004,0.8878232836901515,0.08313853661653813,0.029038179693310406,0.0,0.029041709074303368
30.250000000000004,0.889415473586635,0.08109381997760388,0.029490706435761217,0.0,0.029494304865983558
30.500000000000004,0.8910402562845855,0.07902239330630002,0.029937350409114535,0.0,0.02994101687040631
30.75,0.8926952493436585,0.07692697058468506,0.030377780071656403,2.0816681711721685e-17,0.030381514679702695
31.0,0.8943780406270981,0.07481028577271896,0.03081167360018288,2.0816681711721685e-17,0.030815475788963504
31.250000000000004,0.8960861954022675,0.0726750875769657,0.031238717020766985,0.0,0.031242586184703217
31.500000000000004,0.8978172353352982,0.07052415893025656,0.03165860573444492,2.983724378680108e-16,0.031662540925898056
31.750000000000004,0.8995686530363253,0.0683603029319015,0.032071044031773126,1.0408340855860843e-16,0.03207504471664212
32.0,0.9013379118165286,0.06618634139509243,0.03247574678837909,0.0,0.032479812469473734
32.25,0.9031224551340232,0.06400510509951371,0.032872439766463146,0.0,0.03287656985843192
32.5,0.904919705034228,0.06181943495823776,0.03326086000753378,4.3021142204224816e-16,0.033265053860912865
32.75,0.9067270659836282,0.059632177629793184,0.03364075638657867,0.0,0.03364501328740808
33.00000000000001,0.9085419280471082,0.057446181826317486,0.034011890126574115,1.942890293094024e-16,0.034016209298218004
33.25,0.9103616698094434,0.055264294897215245,0.03437403529334149,0.0,0.03437841590624977
33.5,0.9121836613124507,0.05308935940988732,0.034726979277662134,0.0,0.034731420465022894
33.75,0.9140052544468191,0.05092422277563266,0.03507052277754849,0.0,0.0350750241410242
34.0,0.91582383597432,0.04877168157675847,0.03540448244892148,6.938893903907228e-18,0.03540904236957107
34.25,0.9176367643837657,0.04663454793053122,0.03572868768570307,0.0,0.03573330529336259
34.50000000000001,0.9194414060879808,0.04451560965619203,0.03604298425582747,0.0,0.03604765818291858
34.75,0.9212351436261138,0.042417623878107644,0.0363472324957789,0.0,0.03635196183812917
35.0,0.9230153574743473,0.04034333307106796,0.03664130945458513,0.0,0.036646092970161685
35.25,0.9247794624112935,0.03829542908866152,0.03692510850004498,0.0,0.036929944562995164
35.5,0.926524876811899,0.03627658459023027,0.03719853859787064,1.0408340855860843e-16,0.03720342621388079
35.75,0.9282490448692631,0.034289428326161345,0.037461526804575526,5.551115123125783e-17,0.03746646445205232
36.00000000000001,0.929949437609733,0.03233654533771421,0.037714017052552846,0.0,0.03771900303503947
36.25000000000001,0.9316235489725595,0.030420480917636526,0.037955970109804345,0.0,0.03796100322196734
36.5,0.9332688980873993,0.02854373656405778,0.038187365348542966,0.0,0.03819244402325464
36.75,0.9348830474789622,0.026708752664806375,0.03840819985623162,0.0,0.0384133224261557
37.0,0.9364635938719311,0.024917917290881962,0.03861848883718681,1.0408340855860843e-16,0.038623653595623905
37.25,0.938008170654032,0.023173563543177844,0.038818265802790144,4.163336342344337e-17,0.03882347105000726
37.50000000000001,0.9395144514199794,0.021477965821976027,0.03900758275804477,0.0,0.03901282681112195
37.75000000000001,0.9409801547417516,0.019833334893451016,0.03918651036479749,0.0,0.03919179152828433
38.0,0.9424030482511274,0.018241813705996583,0.03935513804287612,0.0,0.03936045457591877
38.25,0.9437809513028149,0.016705474679875414,0.03951357401730968,0.0,0.03951892412439442
38.5,0.9451117366954173,0.01522631796640272,0.03966194533818015,0.0,0.03966732718378296
38.75,0.9463933323727592,0.013806269736392854,0.03980039789084813,0.0,0.039805809620266405
39.00000000000001,0.9476237236866834,0.01244717991852964,0.03992909639478715,0.0,0.039934536144963624
39.25000000000001,0.9488009561787581,0.011150819443765787,0.04004822437747607,0.0,0.04005369027498306
39.5,0.9499231384518627,0.0099188774359927,0.04015798411214499,0.0,0.04016347426654934
39.75,0.950988444736008,0.00875295874570011,0.04025859651829198,0.0,0.04026410902009155
40.0,0.9519951170364218,0.007654581932854985,0.040350301030723304,0.0,0.040355833957221615
40.25,0.9529414670360357,0.006625177517602352,0.04043335544636207,0.0,0.0404389068695722
40.50000000000001,0.9538258779549965,0.005666086296624854,0.04050803574837872,0.0,0.04051360373950484
40.75000000000001,0.9546468064636223,0.004778557634358077,0.04057463590201944,1.5959455978986625e-16,0.04058021853273991
41.0,0.9554027846386657,0.003963747740036403,0.04063346762129789,2.7755575615628914e-17,0.04063906296300271
41.25,0.9560924218441251,0.0032227180515232864,0.040684860104351864,0.0,0.04069046622882031
41.5,0.95671440644892,0.0025564338115709336,0.04072915973950884,2.0122792321330962e-16,0.04073477472264611
41.75,0.9572675053991191,0.0019657647396721855,0.040766729861208606,1.1796119636642288e-16,0.04077235171253073
42.00000000000001,0.9577505732369593,0.0014514765465564418,0.04079795021648433,0.0,0.040803576996598916
42.25000000000001,0.9581625407970461,0.001014242397401824,0.040823216805551885,1.8735013540549517e-16,0.040828846530634365
42.5,0.9585024291314096,0.00065462965650914,0.04084294121208119,7.632783294297951e-17,0.040848572029113815
42.75,0.9587693435782376,0.00037310597315297757,0.040857550448609725,0.0,0.0408631805400748
43.0,0.9589624748334545,0.00017003872359313047,0.040867486442952274,6.245004513516506e-17,0.04087311399424008
43.25,0.9590811026893606,4.5691855675400496e-05,0.040873205454964,0.0,0.04087882872886292
43.50000000000001,0.9591245945970781,2.2761799922076256e-07,0.04087517778492271,0.0,0.040880794986796205
43.75000000000001,0.9590924079708318,3.370512700612077e-05,0.040873886902161954,8.326672684688674e-17,0.04087949639132897
44.00000000000001,0.9589840900868406,0.00014608052821386,0.04086982938494559,0.0,0.040875429397370065
44.25,0.9587992783440002,0.00033720795104170964,0.04086351370495845,0.0,0.04086910271959887
44.5,0.9585377011175573,0.000606838686450237,0.04085546019599276,0.0,0.040861036738239064
44.75,0.9581991784411574,0.000954621231164514,0.04084620032767828,0.0,0.04085176288314777
45.00000000000001,0.9577836218218209,0.0013801022383137314,0.040836275939865364,4.163336342344337e-17,0.04084182299694811
45.25000000000001,0.9572910340731402,0.001882727347505649,0.040826238579353996,1.5265566588595902e-16,0.040831768677968845
45.50000000000001,0.9567215093397784,0.002461841802235998,0.040816648857985714,0.0,0.04082216060378724
45.75,0.9560752330409225,0.0031166911833020784,0.04080807577577573,0.0,0.040813567836204726
46.0,0.9553524815363129,0.0038464224640150308,0.04080109599967239,0.0,0.04080656710851765
46.25,0.9545536287357727,0.004650078090185656,0.0407962931740417,0.0,0.04080174209597441
46.50000000000001,0.9536791235631913,0.005526618829994587,0.04079425760681399,1.3877787807814457e-16,0.040799682670341564
46.75000000000001,0.9527295182655086,0.006474898025567232,0.040795583708924256,0.0,0.040800984139529185
47.00000000000001,0.9517054431205914,0.007493685591538436,0.04080087128787041,0.0,0.04080624647325284
47.25,0.9506076281180459,0.008581647201832967,0.04081072468012128,0.0,0.04081607351573628
47.5,0.9494368799314693,0.009737369798316072,0.04082575027021472,0.0,0.04083107218648327
47.75,0.9481940950532691,0.010959347769794677,0.04084655717693642,0.0,0.04085185167016969
48.00000000000001,0.9468802543739031,0.012245989728025923,0.04087375589807114,0.0,0.04087902259673044
48.25000000000001,0.9454964224453071,0.013595619991889395,0.040907957562803375,1.5959455978986625e-16,0.04091319621273511
48.50000000000001,0.9440437461794349,0.015006480736048376,0.040949773084516784,0.0,0.040954983545165684
48.75,0.9425234533671752,0.016476734312893322,0.04099981231993131,1.249000902703301e-16,0.04100499455872771
49.0,0.9409368511520455,0.01800446562715086,0.04105868322080359,4.85722573273506e-17,0.041063837307841675
49.25,0.93928532437504,0.019587684646395178,0.0411269909785647,1.457167719820518e-16,0.041132117084476595
49.5,0.9375703338489354,0.021224328984336183,0.04120533716672842,0.0,0.04121043556300037
49.75000000000001,0.9357934143481799,0.022912266760102138,0.041294318891717884,1.1796119636642288e-16,0.041299389943232706
50.00000000000001,0.9339561728735274,0.024649299190645898,0.041394527935826694,1.3877787807814457e-17,0.04139957209289682
50.25,0.9320602868777511,0.026433163245469564,0.041506549876778875,4.510281037539698e-16,0.04151156769067337
50.5,0.9301075018603733,0.02826153490113308,0.041630963238493565,8.326672684688674e-17,0.0416359553710673
50.75,0.9280996291632924,0.030132032197557328,0.041768338639149936,3.7470027081099033e-16,0.04177330587230187
51.0,0.9260385436999617,0.032042218356019024,0.04191923794401884,3.885780586188048e-16,0.041924181188459114
51.25000000000001,0.9239261816133545,0.033989604962059716,0.042084213424585855,0.0,0.042089133727084935
51.50000000000001,0.9217645378630972,0.035971655211962154,0.042263806924940764,0.0,0.042268705473478496
51.75,0.9195556637442671,0.037985787219278574,0.0424585490364543,6.938893903907228e-18,0.04246342716288294
52.0,0.9173016212989644,0.040029422802489154,0.04266895589854647,0.0,0.04267381746178972
52.25,0.9150046415117289,0.04209982135956146,0.04289553712870983,0.0,0.04290038215956498
52.5,0.9126669042354721,0.04419431185648135,0.043138783908046756,0.0,0.043143613371597396
52.75000000000001,0.9102906554817042,0.046310171479677927,0.04339917303861792,0.0,0.04340398875515897
53.00000000000001,0.9078781867139667,0.048444646486797124,0.04367716679923617,1.3877787807814457e-17,0.043681970739158985
53.25000000000001,0.9054318326819492,0.05059495573712909,0.043973211580921885,0.0,0.04397800576895927
53.5,0.9029539635015154,0.05275829953483056,0.044287736963654026,5.551115123125783e-17,0.04429252356740377
53.75,0.9004469846242826,0.05493186023648442,0.04462115513923265,2.983724378680108e-16,0.04462593641320103
54.0,0.8979133330096059,0.057112806822638584,0.04497386016775546,1.0408340855860843e-16,0.044978638437779155
54.25000000000001,0.8953554741996747,0.05929829850274988,0.04534622729757534,1.249000902703301e-16,0.045351004941714596
54.50000000000001,0.892775899179718,0.061485488527863126,0.04573861229241898,0.0,0.045743391731814464
54.75000000000001,0.8901771213165942,0.0636715278979747,0.04615135078543127,0.0,0.04615613447991059
55.0,0.8875616732879069,0.06585356905597753,0.04658475765611555,6.938893903907228e-18,0.046589548104397895
55.25,0.8849321039937676,0.06802876957557127,0.04703912643066099,9.020562075079397e-17,0.04704392617552555
55.5,0.8822909754448347,0.07019429584921813,0.047514728705947175,0.0,0.04751954034542141
55.75000000000001,0.8796408594864269,0.07234732687807266,0.048011813635500306,1.3877787807814457e-16,0.048016639803801275
56.00000000000001,0.876984334608022,0.07448505795125536,0.04853060744072237,2.1510571102112408e-16,0.048535450760284635
56.25000000000001,0.8743239832792087,0.07660470396087248,0.04907131275991859,2.498001805406602e-16,0.049076175954207504
56.5,0.8716623882805833,0.07870350344589684,0.04963410827351973,1.3877787807814457e-16,0.049638994192788034
56.75,0.8690021294889178,0.08077872222539366,0.050219148285688624,0.0,0.05022405991846869
57.0,0.8663457005508209,0.08282774215182545,0.05082655729735358,2.7755575615628914e-17,0.05083150280622101
57.25000000000001,0.8636958182074788,0.08484773323329453,0.05145644855922671,0.0,0.05146142739156269
57.50000000000001,0.8610549731873349,0.08683612786264469,0.052108898950020285,9.71445146547012e-17,0.05211391272999867
57.75000000000001,0.8584256875026091,0.08879035301893236,0.052783959478458514,6.938893903907228e-17,0.052789012088558206
58.0,0.8558105083078994,0.09070783175775336,0.053481659934347205,3.469446951953614e-17,0.05348675267005926
58.25,0.8532118602528627,0.0925861444340813,0.054201995313056014,2.7755575615628914e-17,0.05420713537069007
58.5,0.8506322768049873,0.09442277969875978,0.054944943496252834,6.245004513516506e-17,0.054950134571454874
58.75000000000001,0.8480741954032113,0.09621535135256128,0.0557104532442271,3.5388358909926865e-16,0.05571569796398739
59.00000000000001,0.8455400255164673,0.0979615301310642,0.0564984443524687,0.0,0.05650374641119065
59.25000000000001,0.843032144962791,0.09965904431787691,0.05730881071933226,0.0,0.05731417384311682
59.5,0.8405528991675317,0.1013056814205038,0.058141419411964365,1.1102230246251565e-16,0.058146847188453685
59.75,0.8381045916330945,0.10289929803245029,0.05899611033445536,0.0,0.059001606341938524
60.00000000000001,0.8356894851066955,0.10443781843115742,0.05987269646214694,1.457167719820518e-16,0.05987826416797124
60.25,0.8333097724650635,0.10591926388652399,0.06077096364841242,4.163336342344337e-17,0.06077660654065115
60.50000000000001,0.830967553529355,0.10734178414610918,0.06169066232453575,4.163336342344337e-17,0.06169639242041311
60.75,0.8286651897067698,0.108703265646439,0.06263154464679094,2.220446049250313e-16,0.06263735396738766
61.00000000000001,0.8264046903756992,0.11000199888363281,0.06359331074066836,0.0,0.06359919669156351
61.25000000000001,0.8241878630825548,0.1112365109093514,0.06457562600809365,1.942890293094024e-16,0.06458159963977614
61.5,0.8220167843058848,0.11240506426811413,0.06557815142600124,0.0,0.06558421561949995
61.75000000000001,0.8198932599526249,0.1135062330962177,0.06660050695115746,0.0,0.06660667145936837
62.0,0.817819320125034,0.11453837028601414,0.06764230958895182,4.163336342344337e-17,0.06764856830629616
62.25000000000001,0.8157966179583671,0.11550025618967398,0.0687031258519585,4.163336342344337e-16,0.06870948195902762
62.50000000000001,0.8138268806760532,0.11639061160625733,0.06978250771768939,4.163336342344337e-17,0.06978896323788339
62.75,0.8119117503483719,0.11720826599862967,0.07087998365299845,0.0,0.0708865383904272
63.00000000000001,0.8100527021696668,0.11795224987028169,0.07199504796005139,6.938893903907228e-17,0.07200170953272489
63.25,0.8082512217342025,0.118621602364571,0.07312717590122624,2.636779683484747e-16,0.0731339551258145
63.50000000000001,0.8065088811001779,0.11921527968960986,0.07427583921021187,3.3306690738754696e-16,0.07428273048696017
63.75,0.8048269231901384,0.11973261578553836,0.07544046102432328,0.0,0.075447468335209
64.0,0.8032066174036362,0.12017292996509184,0.0766204526312718,1.6653345369377348e-16,0.07662757937072237
64.25000000000001,0.8016491490805117,0.12053564748785925,0.07781520343162894,1.5265566588595902e-16,0.07782245288730462
64.5,0.8001556224266995,0.1208202954453287,0.0790240821279713,5.412337245047638e-16,0.0790314574175022
64.75000000000001,0.7987270595006685,0.12102650318671324,0.08024643731261821,8.326672684688674e-17,0.08025394140960031
65.0,0.7973643993602533,0.12115400241941392,0.08148159822033295,0.0,0.08148923393579453
65.25,0.7960684972911379,0.12120262721928199,0.08272887548958009,0.0,0.08273664543077242
65.5,0.794840125011838,0.12117231290879045,0.08398756207937182,0.0,0.08399546845988917
65.75,0.7936800113529738,0.12106304885991605,0.0852569397871106,0.0,0.08526497851608347
66.00000000000001,0.7925885744240915,0.12087517842021937,0.0865362471556892,0.0,0.08654443484462847
66.25,0.7915665610656746,0.12060868656048787,0.08782475237383772,0.0,0.08783308129477764
66.5,0.7906142925423435,0.1202640317695428,0.08912167568811377,0.0,0.08913014719731814
66.75,0.7897321919394441,0.11984156650245531,0.0904262415581005,8.326672684688674e-17,0.09043484826700549
67.0,0.7889203802089055,0.11934197728553671,0.09173764250555762,1.3877787807814457e-16,0.09174638752881661
67.25000000000001,0.7881789816079853,0.1187659558029248,0.09305506258908991,1.3877787807814457e-17,0.09306395626691578
67.5,0.7875081535116928,0.11811415272588865,0.09437769376241857,0.0,0.09438673499519545
67.75000000000001,0.7869078667561034,0.11738742739901091,0.09570470584488569,4.163336342344337e-17,0.09571389444821679
68.0,0.7863780089822953,0.11658673030527968,0.09703526071242533,0.0,0.09704459659133997
68.25,0.7859183814443945,0.11571310614362013,0.09836851241198523,1.249000902703301e-16,0.098377995648805
68.5,0.7855286983934007,0.11476769329124063,0.09970360831535849,2.0816681711721685e-16,0.09971323914848904
68.75,0.7852085865014289,0.11375172328224699,0.10103969021632413,0.0,0.10104946898204077
69.00000000000001,0.7849575849762902,0.11266651965196632,0.10237589537174346,1.3877787807814457e-17,0.10238582247906158
69.25,0.7847751461332132,0.11151349628005215,0.10371135758673446,1.942890293094024e-16,0.10372143349397933
69.5,0.7846606362066392,0.11029415546909153,0.10504520832426936,0.0,0.10505543350423636
69.75,0.7846133362708592,0.10901008590530296,0.10637657782383811,0.0,0.10638695271838824
70.0,0.7846324432379389,0.10766296053855771,0.10770459622350322,1.6653345369377348e-16,0.1077151211926931
70.25000000000001,0.7847170709373187,0.10625453437840919,0.10902839468427175,3.7470027081099033e-16,0.10903906995474873
70.5,0.7848662512859276,0.10478664219744327,0.11034710651662918,0.0,0.11035793213272142
70.75000000000001,0.7850789355532691,0.1032611961379365,0.1116598683087946,0.0,0.1116708440886907
71.0,0.7853539981730939,0.10168018039368185,0.11296582143322426,0.0,0.11297694655462548
71.25,0.7856902854896664,0.10004559421047217,0.11426412029986158,0.0,0.11427538576949355
71.5,0.7860863420503271,0.09835976451126532,0.11555389343840765,0.0,0.11556531461599681
71.75,0.7865409977712624,0.09662467630745449,0.11683432592128312,0.0,0.11684589375541952
72.00000000000001,0.7870527559867988,0.09484266390566316,0.1181045801075383,0.0,0.11811629275906776
72.25,0.7876201135693133,0.09301605077992149,0.11936383565076522,1.3877787807814457e-17,0.11937569123478008
72.50000000000001,0.788241499704591,0.09114721684483033,0.1206112834505789,0.0,0.1206232799469837
72.75,0.7889152778125773,0.0892385953041598,0.12184612688326311,0.0,0.12185826192877311
73.0,0.789639746067214,0.08729267127617739,0.12306758265660861,1.3877787807814457e-17,0.12307985358449276
73.25000000000001,0.790413139269718,0.0853119788651239,0.12427488186515803,5.551115123125783e-17,0.12428728578130563
73.5,0.7912336310902486,0.08329909785024635,0.12546727105950528,0.0,0.12547980492824326
73.75000000000001,0.7920993364959015,0.08125665017913986,0.12664401332495892,0.0,0.12665667404123462
74.0,0.7930083144604462,0.07918729600162866,0.12780438953792525,0.0,0.1278171737926282
74.25,0.7939585700865516,0.07709373079604126,0.1289476991174073,0.0,0.1289606035437323
74.5,0.7949480569280352,0.07497868208577531,0.13007326098618963,0.0,0.13008628235891223
74.75,0.7959746797909528,0.07284490543299521,0.13118041477605216,0.0,0.13119354999980612
75.00000000000001,0.797036297391123,0.07069518078933164,0.13226852181954568,0.0,0.13228176789823184
75.25,0.7981307250574176,0.06853230883265869,0.13333696610992368,5.551115123125783e-17,0.1333503201063865
75.50000000000001,0.7992557374764517,0.06635910729155245,0.13438515523199615,0.0,0.13439861422296093
75.75,0.8004090714781504,0.06417840725811357,0.135412521263736,0.0,0.13542608229381142
76.0,0.801588428860516,0.06199304949136721,0.1364185216481169,0.0,0.13643218168586965
76.25000000000001,0.8027914792507684,0.059805880714708416,0.13740264003452332,0.0,0.13741639593298718
76.5,0.8040158645612294,0.057619748052574596,0.13836438738619627,0.0,0.13837823555245388
76.75000000000001,0.8052592125305214,0.05543748291108128,0.1393033045583972,1.6653345369377348e-16,0.13931723883095398
77.0,0.8065190405708359,0.053262012850255454,0.14021894657890857,8.326672684688674e-17,0.14023297257876297
77.25,0.807793022065261,0.05109605272347235,0.14111092521126645,1.6653345369377348e-16,0.1411250328510211
77.5,0.8090786642710643,0.048942475401709686,0.1419788603272261,0.0,0.14199304563496193
77.75,0.8103735050474375,0.04680408625717812,0.1428224086953845,0.0,0.1428366675020092
78.00000000000001,0.8116750710269152,0.04468367077304026,0.14364125820004456,2.7755575615628914e-17,0.14365558622370048
78.25,0.8129808811750265,0.04258399021923246,0.14443512860574095,5.551115123125783e-17,0.14444952135043526
78.50000000000001,0.814288449054266,0.04050777899636248,0.14520377194937145,5.551115123125783e-17,0.14521822475209506
78.75,0.8155952858109043,0.03845774115077492,0.14594697303832055,1.942890293094024e-16,0.1459614811196223
79.0,0.8168989032470627,0.03643654684349906,0.1466645499094379,3.3306690738754696e-16,0.14667910842669823
79.25000000000001,0.8181968169487522,0.034446828791306255,0.14735635425994154,0.0,0.14737095835070355
79.5,0.8194865493666282,0.03249117880116667,0.14802227183220507,2.7755575615628914e-17,0.1480369166522011
79.75000000000001,0.8207656328628459,0.030572144382745473,0.1486622227544087,0.0,0.14867690351222515
80.0,0.8220316128898371,0.028692225204851183,0.14927616190531168,8.326672684688674e-17,0.1492908738267192
80.25000000000001,0.823282050916421,0.0268538699638476,0.14986407911973101,3.608224830031759e-16,0.14987881745751513
80.5,0.8245145270422107,0.025059473700125737,0.15042599925766365,0.0,0.15044075943930163
80.75,0.8257266432928696,0.023311374177208233,0.15096198252992213,2.7755575615628914e-17,0.15097676014208594
81.00000000000001,0.8269160265853662,0.021611848786778416,0.15147212462785523,1.3877787807814457e-16,0.1514869153887089
81.25,0.8280803316405061,0.019963111561767635,0.15195655679772613,1.3877787807814457e-16,0.15197135652703045
81.50000000000001,0.8292172438482545,0.018367310285993015,0.15241544586575234,1.942890293094024e-16,0.1524302504564622
81.75,0.8303244820863513,0.01682652369871674,0.152848994214932,0.0,0.15286379960857843
82.0,0.8313998014911904,0.015342758794475773,0.15325743971433356,2.498001805406602e-16,0.15327224188160427
82.25,0.8324409952663759,0.01391794922457559,0.15364105550904855,0.0,0.1536558505286276
82.5,0.8334458877881132,0.01255396353829181,0.154000148673595,0.0,0.15401493399945565
82.75000000000001,0.8344123752740821,0.011252560187553096,0.15433506453836485,0.0,0.15434983573608557
83.0,0.8353384031138751,0.010015413012696204,0.1546461838734285,2.220446049250313e-16,0.15466093392182645
83.25000000000001,0.8362219210493743,0.008844163603787486,0.15493391534683815,5.551115123125783e-17,0.15494864118417076
83.5,0.8370609495765989,0.007740345460301779,0.1551987049630994,0.0,0.15521340425157107
83.75,0.8378535841234439,0.006705381361811887,0.15544103451474423,0.0,0.15545570356434302
84.00000000000001,0.8385979606214957,0.005740621498638568,0.15566141787986543,2.7755575615628914e-16,0.15567605283997546
84.25,0.8392922774940574,0.004847320912195024,0.1558604015937476,0.0,0.15587499859318976
84.50000000000001,0.8399347919579927,0.004026643848402749,0.15603856419360487,0.0,0.15605311961115143
84.75,0.8405238246334328,0.0032796593473775593,0.15619651601918935,3.0531133177191805e-16,0.15621102638429912
85.0,0.841057760826863,0.0026073406987439244,0.15633489847439322,0.0,0.15634936049331477
85.25,0.8415350528315027,0.0020105637640144536,0.15645438340448312,0.0,0.15646879395281976
85.5,0.8419542216415974,0.0014901059744132663,0.15655567238398924,1.1102230246251565e-16,0.15657002851244176
85.75000000000001,0.8423138586883858,0.0010466453358382115,0.15663949597577603,0.0,0.15665379491595505
86.0,0.8426126275044958,0.0006807595411511011,0.15670661295435326,0.0,0.15672085211925632
86.25000000000001,0.8428492653051874,0.00039292520953718326,0.15675780948527535,2.7755575615628914e-17,0.15677198646799245
86.5,0.8430225843907062,0.00018351736030461244,0.1567938982489892,0.0,0.15680801083572077
86.75,0.8431314736340653,5.280880008522731e-05,0.1568157175658496,0.0,0.1568297637235256
87.00000000000001,0.8431748997842597,9.69757944201514e-07,0.15682413045779614,0.0,0.1568381083220858
87.25,0.8431519086577058,2.806767251714604e-05,0.1568200236697767,3.0531133177191805e-16,0.15683393153722466
87.50000000000001,0.8430616262273725,0.00013406711724112819,0.15680430665538664,0.0,0.15681814298003982
87.75,0.842903259610529,0.00031882986101477604,0.15677791052845613,5.551115123125783e-17,0.15679167392275434
88.00000000000001,0.8426760979550985,0.0005821150628376259,0.15674178698206373,1.942890293094024e-16,0.15675547622148286
88.25,0.8423795132242227,0.0009235795993687492,0.15669690717640844,1.3877787807814457e-16,0.15671052120715429
88.5,0.8420129608787006,0.001342778524325276,0.15664426059697406,8.326672684688674e-17,0.15665779854588083
88.75000000000001,0.841575980457049,0.0018391656585530231,0.15658485388439794,8.326672684688674e-17,0.156598315070109
89.0,0.8410681960530156,0.0024120943095435913,0.15651970963744072,5.551115123125783e-17,0.15653309358192877
89.25000000000001,0.8404893166904281,0.0030608181191357424,0.15644986519043605,5.551115123125783e-17,0.15646317162996687
89.5,0.8398391339621374,0.0037844956247032125,0.15637637041315944,0.0,0.15638960026132182
89.75,0.8391175318732657,0.004582178206460277,0.15630028992027392,1.3877787807814457e-16,0.15631344275004616
90.00000000000001,0.8383244738884803,0.005452829034120093,0.15622269707739944,1.6653345369377348e-16,0.15623577330371094
90.25,0.8374600105034545,0.0063953139247699825,0.1561446755717756,0.0,0.15615767574963002
90.50000000000001,0.836524277259183,0.007408405531191258,0.15606731720962566,8.326672684688674e-17,0.15608024220234748
90.75,0.835517494760233,0.008490784462406274,0.15599172077736098,0.0,0.15600457171403162
91.00000000000001,0.8344399683974747,0.009641040938603088,0.15591899066392215,8.326672684688674e-17,0.1559317689094392
91.25,0.833292087810225,0.010857676723780562,0.15585023546599408,3.3306690738754696e-16,0.15586294260714903
91.5,0.8320743263440393,0.012139107057769782,0.15578656659819098,0.0,0.1557992044287845
91.75000000000001,0.8307872403860432,0.013483662727072247,0.15572909688688455,0.0,0.1557416673979682
92.0,0.8294314685885226,0.014889592253357205,0.15567893915812023,0.0,0.15569144453077594
92.25000000000001,0.8280077308174436,0.016355064363363717,0.15563720481919285,0.0,0.15564964741947
92.5,0.8265168276288939,0.01787816990746066,0.1556050024636454,5.551115123125783e-17,0.15561738481131626
92.75,0.8249596390201248,0.019456924564372577,0.15558343641550254,5.551115123125783e-17,0.15559576118429463
93.00000000000001,0.8233371231748259,0.02108927153107445,0.15557360529409942,2.498001805406602e-16,0.15558587532153184
93.25,0.8216503151896136,0.022773084224162642,0.1555766005862237,5.551115123125783e-17,0.15558881888629097
93.50000000000001,0.8199003257130256,0.02450616906421296,0.15559350522276116,2.498001805406602e-16,0.15560567499935915
93.75,0.8180883394958797,0.02628626834289934,0.15562539216122084,1.3877787807814457e-16,0.15563751682068225
94.00000000000001,0.816215613853972,0.028111063170505584,0.15567332297552217,2.498001805406602e-16,0.15568540613709367
94.25,0.8142834770452022,0.029978176500153223,0.1557383464546446,0.0,0.15575039195798954
94.5,0.8122932926806585,0.03188521761435545,0.1558214897049859,1.1102230246251565e-16,0.1558335091207945
94.75000000000001,0.8102465844296356,0.03382963102140669,0.15592378454895786,0.0,0.15593577690805963
95.0,0.808144862264813,0.03580890827536986,0.1560462294598173,0.0,0.15605819767802992
95.25000000000001,0.8059897184888175,0.0378204744002825,0.15618980711090008,0.0,0.15620175551050208
95.5,0.8037828065990796,0.03986171194497646,0.1563554814559437,2.220446049250313e-16,0.15636741486978836
95.75,0.8015258426704648,0.04192996133389962,0.1565441959956361,0.0,0.15655611928658075
96.00000000000001,0.7992205985439127,0.04402252977507786,0.15675687168100919,2.498001805406602e-16,0.15676879006049932
96.25,0.7968689020628071,0.04613669178984917,0.1569944061473438,0.0,0.1570063249850837
